   9.77517105638980865478515625000000000E-0004   1.0061571179058180     
   1.95503421127796173095703125000000000E-0003   1.0049635224903195     
   2.93255131691694259643554687500000000E-0003   1.0031645746268794     
   3.91006842255592346191406250000000000E-0003   1.0007613579344232     
   4.88758552819490432739257812500000000E-0003  0.99775532002082512     
   5.86510263383388519287109375000000000E-0003  0.99414827161092090     
   6.84261973947286605834960937500000000E-0003  0.98994238545579649     
   7.82013684511184692382812500000000000E-0003  0.98514019502400341     
   8.79765395075082778930664062500000000E-0003  0.97974459297549232     
   9.77517105638980865478515625000000000E-0003  0.97375882941918301     
   1.07526881620287895202636718750000000E-0002  0.96718650995521949     
   1.17302052676677703857421875000000000E-0002  0.96003159350309164     
   1.27077223733067512512207031250000000E-0002  0.95229838991693128     
   1.36852394789457321166992187500000000E-0002  0.94399155738941520     
   1.46627565845847129821777343750000000E-0002  0.93511609964584586     
   1.56402736902236938476562500000000000E-0002  0.92567736293009262     
   1.66177907958626747131347656250000000E-0002  0.91568103278421642     
   1.75953079015016555786132812500000000E-0002  0.90513313062371026     
   1.85728250071406364440917968750000000E-0002  0.89404001011042422     
   1.95503421127796173095703125000000000E-0002  0.88240835332535661     
   2.05278592184185981750488281250000000E-0002  0.87024516674361951     
   2.15053763240575790405273437500000000E-0002  0.85755777701399882     
   2.24828934296965599060058593750000000E-0002  0.84435382654565549     
   2.34604105353355407714843750000000000E-0002  0.83064126890462420     
   2.44379276409745216369628906250000000E-0002  0.81642836402288244     
   2.54154447466135025024414062500000000E-0002  0.80172367322287608     
   2.63929618522524833679199218750000000E-0002  0.78653605406049931     
   2.73704789578914642333984375000000000E-0002  0.77087465498963370     
   2.83479960635304450988769531250000000E-0002  0.75474890985146259     
   2.93255131691694259643554687500000000E-0002  0.73816853219187639     
   3.03030302748084068298339843750000000E-0002  0.72114350941039707     
   3.12805473804473876953125000000000000E-0002  0.70368409674414145     
   3.22580644860863685607910156250000000E-0002  0.68580081109045032     
   3.32355815917253494262695312500000000E-0002  0.66750442467190252     
   3.42130986973643302917480468750000000E-0002  0.64880595854753031     
   3.51906158030033111572265625000000000E-0002  0.62971667597414638     
   3.61681329086422920227050781250000000E-0002  0.61024807562177896     
   3.71456500142812728881835937500000000E-0002  0.59041188464730210     
   3.81231671199202537536621093750000000E-0002  0.57022005163043632     
   3.91006842255592346191406250000000000E-0002  0.54968473937636919     
   4.00782013311982154846191406250000000E-0002  0.52881831758933795     
   4.10557184368371963500976562500000000E-0002  0.50763335542158150     
   4.20332355424761772155761718750000000E-0002  0.48614261390215308     
   4.30107526481151580810546875000000000E-0002  0.46435903825015284     
   4.39882697537541389465332031250000000E-0002  0.44229575007701377     
   4.49657868593931198120117187500000000E-0002  0.41996603948253164     
   4.59433039650321006774902343750000000E-0002  0.39738335704940686     
   4.69208210706710815429687500000000000E-0002  0.37456130574111623     
   4.78983381763100624084472656250000000E-0002  0.35151363270799663     
   4.88758552819490432739257812500000000E-0002  0.32825422100647494     
   4.98533723875880241394042968750000000E-0002  0.30479708123643490     
   5.08308894932270050048828125000000000E-0002  0.28115634310175497     
   5.18084065988659858703613281250000000E-0002  0.25734624689910335     
   5.27859237045049667358398437500000000E-0002  0.23338113494011573     
   5.37634408101439476013183593750000000E-0002  0.20927544291212294     
   5.47409579157829284667968750000000000E-0002  0.18504369118263264     
   5.57184750214219093322753906250000000E-0002  0.16070047605280319     
   5.66959921270608901977539062500000000E-0002  0.13626046096517741     
   5.76735092326998710632324218750000000E-0002  0.11173836767097299     
   5.86510263383388519287109375000000000E-0002   8.7148967362250265E-002
   5.96285434439778327941894531250000000E-0002   6.2507071774298317E-002
   6.06060605496168136596679687500000000E-0002   3.7827524263599505E-002
   6.15835776552557945251464843750000000E-0002   1.3125190866746544E-002
   6.25610947608947753906250000000000000E-0002  -1.1585048654302071E-002
   6.35386118665337562561035156250000000E-0002  -3.6288309775234236E-002
   6.45161289721727371215820312500000000E-0002  -6.0969712175265069E-002
   6.54936460778117179870605468750000000E-0002  -8.5614388700485905E-002
   6.64711631834506988525390625000000000E-0002 -0.11020749431928174     
   6.74486802890896797180175781250000000E-0002 -0.13473421506442332     
   6.84261973947286605834960937500000000E-0002 -0.15917977695644686     
   6.94037145003676414489746093750000000E-0002 -0.18352945490294706     
   7.03812316060066223144531250000000000E-0002 -0.20776858156842209     
   7.13587487116456031799316406250000000E-0002 -0.23188255620932796     
   7.23362658172845840454101562500000000E-0002 -0.25585685346902060     
   7.33137829229235649108886718750000000E-0002 -0.27967703212728745     
   7.42913000285625457763671875000000000E-0002 -0.30332874379919861     
   7.52688171342015266418457031250000000E-0002 -0.32679774157803748     
   7.62463342398405075073242187500000000E-0002 -0.35006988861710431     
   7.72238513454794883728027343750000000E-0002 -0.37313116664522450     
   7.82013684511184692382812500000000000E-0002 -0.39596768441083052     
   7.91788855567574501037597656250000000E-0002 -0.41856568604953293     
   8.01564026623964309692382812500000000E-0002 -0.44091155937013815     
   8.11339197680354118347167968750000000E-0002 -0.46299184405412397     
   8.21114368736743927001953125000000000E-0002 -0.48479323976363153     
   8.30889539793133735656738281250000000E-0002 -0.50630261415309252     
   8.40664710849523544311523437500000000E-0002 -0.52750701077966178     
   8.50439881905913352966308593750000000E-0002 -0.54839365690769493     
   8.60215052962303161621093750000000000E-0002 -0.56894997120256652     
   8.69990224018692970275878906250000000E-0002 -0.58916357130919539     
   8.79765395075082778930664062500000000E-0002 -0.60902228131071245     
   8.89540566131472587585449218750000000E-0002 -0.62851413906277787     
   8.99315737187862396240234375000000000E-0002 -0.64762740339912916     
   9.09090908244252204895019531250000000E-0002 -0.66635056120402136     
   9.18866079300642013549804687500000000E-0002 -0.68467233434729657     
   9.28641250357031822204589843750000000E-0002 -0.70258168647790853     
   9.38416421413421630859375000000000000E-0002 -0.72006782967180760     
   9.48191592469811439514160156250000000E-0002 -0.73712023093018275     
   9.57966763526201248168945312500000000E-0002 -0.75372861852414630     
   9.67741934582591056823730468750000000E-0002 -0.76988298818203937     
   9.77517105638980865478515625000000000E-0002 -0.78557360911563046     
   9.87292276695370674133300781250000000E-0002 -0.80079102988157969     
   9.97067447751760482788085937500000000E-0002 -0.81552608407463367     
  0.100684261880815029144287109375000000       -0.82976989584912542     
  0.101661778986454010009765625000000000       -0.84351388526545246     
  0.102639296092092990875244140625000000       -0.85674977345831116     
  0.103616813197731971740722656250000000       -0.86946958762357629     
  0.104594330303370952606201171875000000       -0.88166566582081884     
  0.105571847409009933471679687500000000       -0.89333066158857344     
  0.106549364514648914337158203125000000       -0.90445754836957226     
  0.107526881620287895202636718750000000       -0.91503962374327930     
  0.108504398725926876068115234375000000       -0.92507051346317870     
  0.109481915831565856933593750000000000       -0.93454417529638245     
  0.110459432937204837799072265625000000       -0.94345490266324505     
  0.111436950042843818664550781250000000       -0.95179732807479445     
  0.112414467148482799530029296875000000       -0.95956642636590606     
  0.113391984254121780395507812500000000       -0.96675751772227425     
  0.114369501359760761260986328125000000       -0.97336627049935887     
  0.115347018465399742126464843750000000       -0.97938870383160381     
  0.116324535571038722991943359375000000       -0.98482119003036306     
  0.117302052676677703857421875000000000       -0.98966045676908398     
  0.118279569782316684722900390625000000       -0.99390358905443532     
  0.119257086887955665588378906250000000       -0.99754803098218936     
  0.120234603993594646453857421875000000        -1.0005915872768030     
  0.121212121099233627319335937500000000        -1.0030324246137703     
  0.122189638204872608184814453125000000        -1.0048690727239484     
  0.123167155310511589050292968750000000        -1.0061004252791925     
  0.124144672416150569915771484375000000        -1.0067257405587666     
  0.125122189521789550781250000000000000        -1.0067446418961279     
  0.126099706627428531646728515625000000        -1.0061571179058180     
  0.127077223733067512512207031250000000        -1.0049635224903195     
  0.128054740838706493377685546875000000        -1.0031645746268794     
  0.129032257944345474243164062500000000        -1.0007613579344232     
  0.130009775049984455108642578125000000       -0.99775532002082512     
  0.130987292155623435974121093750000000       -0.99414827161092090     
  0.131964809261262416839599609375000000       -0.98994238545579649     
  0.132942326366901397705078125000000000       -0.98514019502400341     
  0.133919843472540378570556640625000000       -0.97974459297549232     
  0.134897360578179359436035156250000000       -0.97375882941918301     
  0.135874877683818340301513671875000000       -0.96718650995521949     
  0.136852394789457321166992187500000000       -0.96003159350309164     
  0.137829911895096302032470703125000000       -0.95229838991693128     
  0.138807429000735282897949218750000000       -0.94399155738941520     
  0.139784946106374263763427734375000000       -0.93511609964584586     
  0.140762463212013244628906250000000000       -0.92567736293009262     
  0.141739980317652225494384765625000000       -0.91568103278421642     
  0.142717497423291206359863281250000000       -0.90513313062371026     
  0.143695014528930187225341796875000000       -0.89404001011042422     
  0.144672531634569168090820312500000000       -0.88240835332535661     
  0.145650048740208148956298828125000000       -0.87024516674361951     
  0.146627565845847129821777343750000000       -0.85755777701399882     
  0.147605082951486110687255859375000000       -0.84435382654565549     
  0.148582600057125091552734375000000000       -0.83064126890462420     
  0.149560117162764072418212890625000000       -0.81642836402288244     
  0.150537634268403053283691406250000000       -0.80172367322287608     
  0.151515151374042034149169921875000000       -0.78653605406049931     
  0.152492668479681015014648437500000000       -0.77087465498963370     
  0.153470185585319995880126953125000000       -0.75474890985146259     
  0.154447702690958976745605468750000000       -0.73816853219187639     
  0.155425219796597957611083984375000000       -0.72114350941039707     
  0.156402736902236938476562500000000000       -0.70368409674414145     
  0.157380254007875919342041015625000000       -0.68580081109045032     
  0.158357771113514900207519531250000000       -0.66750442467190252     
  0.159335288219153881072998046875000000       -0.64880595854753031     
  0.160312805324792861938476562500000000       -0.62971667597414638     
  0.161290322430431842803955078125000000       -0.61024807562177896     
  0.162267839536070823669433593750000000       -0.59041188464730210     
  0.163245356641709804534912109375000000       -0.57022005163043632     
  0.164222873747348785400390625000000000       -0.54968473937636919     
  0.165200390852987766265869140625000000       -0.52881831758933795     
  0.166177907958626747131347656250000000       -0.50763335542158150     
  0.167155425064265727996826171875000000       -0.48614261390215308     
  0.168132942169904708862304687500000000       -0.46435903825015284     
  0.169110459275543689727783203125000000       -0.44229575007701377     
  0.170087976381182670593261718750000000       -0.41996603948253164     
  0.171065493486821651458740234375000000       -0.39738335704940686     
  0.172043010592460632324218750000000000       -0.37456130574111623     
  0.173020527698099613189697265625000000       -0.35151363270799663     
  0.173998044803738594055175781250000000       -0.32825422100647494     
  0.174975561909377574920654296875000000       -0.30479708123643490     
  0.175953079015016555786132812500000000       -0.28115634310175497     
  0.176930596120655536651611328125000000       -0.25734624689910335     
  0.177908113226294517517089843750000000       -0.23338113494011573     
  0.178885630331933498382568359375000000       -0.20927544291212294     
  0.179863147437572479248046875000000000       -0.18504369118263264     
  0.180840664543211460113525390625000000       -0.16070047605280319     
  0.181818181648850440979003906250000000       -0.13626046096517741     
  0.182795698754489421844482421875000000       -0.11173836767097299     
  0.183773215860128402709960937500000000        -8.7148967362250265E-002
  0.184750732965767383575439453125000000        -6.2507071774298317E-002
  0.185728250071406364440917968750000000        -3.7827524263599505E-002
  0.186705767177045345306396484375000000        -1.3125190866746544E-002
  0.187683284282684326171875000000000000         1.1585048654302071E-002
  0.188660801388323307037353515625000000         3.6288309775234236E-002
  0.189638318493962287902832031250000000         6.0969712175265069E-002
  0.190615835599601268768310546875000000         8.5614388700485905E-002
  0.191593352705240249633789062500000000        0.11020749431928174     
  0.192570869810879230499267578125000000        0.13473421506442332     
  0.193548386916518211364746093750000000        0.15917977695644686     
  0.194525904022157192230224609375000000        0.18352945490294706     
  0.195503421127796173095703125000000000        0.20776858156842209     
  0.196480938233435153961181640625000000        0.23188255620932796     
  0.197458455339074134826660156250000000        0.25585685346902060     
  0.198435972444713115692138671875000000        0.27967703212728745     
  0.199413489550352096557617187500000000        0.30332874379919861     
  0.200391006655991077423095703125000000        0.32679774157803748     
  0.201368523761630058288574218750000000        0.35006988861710431     
  0.202346040867269039154052734375000000        0.37313116664522450     
  0.203323557972908020019531250000000000        0.39596768441083052     
  0.204301075078547000885009765625000000        0.41856568604953293     
  0.205278592184185981750488281250000000        0.44091155937013815     
  0.206256109289824962615966796875000000        0.46299184405412397     
  0.207233626395463943481445312500000000        0.48479323976363153     
  0.208211143501102924346923828125000000        0.50630261415309252     
  0.209188660606741905212402343750000000        0.52750701077966178     
  0.210166177712380886077880859375000000        0.54839365690769493     
  0.211143694818019866943359375000000000        0.56894997120256652     
  0.212121211923658847808837890625000000        0.58916357130919539     
  0.213098729029297828674316406250000000        0.60902228131071245     
  0.214076246134936809539794921875000000        0.62851413906277787     
  0.215053763240575790405273437500000000        0.64762740339912916     
  0.216031280346214771270751953125000000        0.66635056120402136     
  0.217008797451853752136230468750000000        0.68467233434729657     
  0.217986314557492733001708984375000000        0.70258168647790853     
  0.218963831663131713867187500000000000        0.72006782967180760     
  0.219941348768770694732666015625000000        0.73712023093018275     
  0.220918865874409675598144531250000000        0.75372861852414630     
  0.221896382980048656463623046875000000        0.76988298818203937     
  0.222873900085687637329101562500000000        0.78557360911563046     
  0.223851417191326618194580078125000000        0.80079102988157969     
  0.224828934296965599060058593750000000        0.81552608407463367     
  0.225806451402604579925537109375000000        0.82976989584912542     
  0.226783968508243560791015625000000000        0.84351388526545246     
  0.227761485613882541656494140625000000        0.85674977345831116     
  0.228739002719521522521972656250000000        0.86946958762357629     
  0.229716519825160503387451171875000000        0.88166566582081884     
  0.230694036930799484252929687500000000        0.89333066158857344     
  0.231671554036438465118408203125000000        0.90445754836957226     
  0.232649071142077445983886718750000000        0.91503962374327930     
  0.233626588247716426849365234375000000        0.92507051346317870     
  0.234604105353355407714843750000000000        0.93454417529638245     
  0.235581622458994388580322265625000000        0.94345490266324505     
  0.236559139564633369445800781250000000        0.95179732807479445     
  0.237536656670272350311279296875000000        0.95956642636590606     
  0.238514173775911331176757812500000000        0.96675751772227425     
  0.239491690881550312042236328125000000        0.97336627049935887     
  0.240469207987189292907714843750000000        0.97938870383160381     
  0.241446725092828273773193359375000000        0.98482119003036306     
  0.242424242198467254638671875000000000        0.98966045676908398     
  0.243401759304106235504150390625000000        0.99390358905443532     
  0.244379276409745216369628906250000000        0.99754803098218936     
  0.245356793515384197235107421875000000         1.0005915872768030     
  0.246334310621023178100585937500000000         1.0030324246137703     
  0.247311827726662158966064453125000000         1.0048690727239484     
  0.248289344832301139831542968750000000         1.0061004252791925     
  0.249266861937940120697021484375000000         1.0067257405587666     
  0.250244379043579101562500000000000000         1.0067446418961279     
  0.251221896149218082427978515625000000         1.0061571179058180     
  0.252199413254857063293457031250000000         1.0049635224903195     
  0.253176930360496044158935546875000000         1.0031645746268794     
  0.254154447466135025024414062500000000         1.0007613579344232     
  0.255131964571774005889892578125000000        0.99775532002082512     
  0.256109481677412986755371093750000000        0.99414827161092090     
  0.257086998783051967620849609375000000        0.98994238545579649     
  0.258064515888690948486328125000000000        0.98514019502400341     
  0.259042032994329929351806640625000000        0.97974459297549232     
  0.260019550099968910217285156250000000        0.97375882941918301     
  0.260997067205607891082763671875000000        0.96718650995521949     
  0.261974584311246871948242187500000000        0.96003159350309164     
  0.262952101416885852813720703125000000        0.95229838991693128     
  0.263929618522524833679199218750000000        0.94399155738941520     
  0.264907135628163814544677734375000000        0.93511609964584586     
  0.265884652733802795410156250000000000        0.92567736293009262     
  0.266862169839441776275634765625000000        0.91568103278421642     
  0.267839686945080757141113281250000000        0.90513313062371026     
  0.268817204050719738006591796875000000        0.89404001011042422     
  0.269794721156358718872070312500000000        0.88240835332535661     
  0.270772238261997699737548828125000000        0.87024516674361951     
  0.271749755367636680603027343750000000        0.85755777701399882     
  0.272727272473275661468505859375000000        0.84435382654565549     
  0.273704789578914642333984375000000000        0.83064126890462420     
  0.274682306684553623199462890625000000        0.81642836402288244     
  0.275659823790192604064941406250000000        0.80172367322287608     
  0.276637340895831584930419921875000000        0.78653605406049931     
  0.277614858001470565795898437500000000        0.77087465498963370     
  0.278592375107109546661376953125000000        0.75474890985146259     
  0.279569892212748527526855468750000000        0.73816853219187639     
  0.280547409318387508392333984375000000        0.72114350941039707     
  0.281524926424026489257812500000000000        0.70368409674414145     
  0.282502443529665470123291015625000000        0.68580081109045032     
  0.283479960635304450988769531250000000        0.66750442467190252     
  0.284457477740943431854248046875000000        0.64880595854753031     
  0.285434994846582412719726562500000000        0.62971667597414638     
  0.286412511952221393585205078125000000        0.61024807562177896     
  0.287390029057860374450683593750000000        0.59041188464730210     
  0.288367546163499355316162109375000000        0.57022005163043632     
  0.289345063269138336181640625000000000        0.54968473937636919     
  0.290322580374777317047119140625000000        0.52881831758933795     
  0.291300097480416297912597656250000000        0.50763335542158150     
  0.292277614586055278778076171875000000        0.48614261390215308     
  0.293255131691694259643554687500000000        0.46435903825015284     
  0.294232648797333240509033203125000000        0.44229575007701377     
  0.295210165902972221374511718750000000        0.41996603948253164     
  0.296187683008611202239990234375000000        0.39738335704940686     
  0.297165200114250183105468750000000000        0.37456130574111623     
  0.298142717219889163970947265625000000        0.35151363270799663     
  0.299120234325528144836425781250000000        0.32825422100647494     
  0.300097751431167125701904296875000000        0.30479708123643490     
  0.301075268536806106567382812500000000        0.28115634310175497     
  0.302052785642445087432861328125000000        0.25734624689910335     
  0.303030302748084068298339843750000000        0.23338113494011573     
  0.304007819853723049163818359375000000        0.20927544291212294     
  0.304985336959362030029296875000000000        0.18504369118263264     
  0.305962854065001010894775390625000000        0.16070047605280319     
  0.306940371170639991760253906250000000        0.13626046096517741     
  0.307917888276278972625732421875000000        0.11173836767097299     
  0.308895405381917953491210937500000000         8.7148967362250265E-002
  0.309872922487556934356689453125000000         6.2507071774298317E-002
  0.310850439593195915222167968750000000         3.7827524263599505E-002
  0.311827956698834896087646484375000000         1.3125190866746544E-002
  0.312805473804473876953125000000000000        -1.1585048654302071E-002
  0.313782990910112857818603515625000000        -3.6288309775234236E-002
  0.314760508015751838684082031250000000        -6.0969712175265069E-002
  0.315738025121390819549560546875000000        -8.5614388700485905E-002
  0.316715542227029800415039062500000000       -0.11020749431928174     
  0.317693059332668781280517578125000000       -0.13473421506442332     
  0.318670576438307762145996093750000000       -0.15917977695644686     
  0.319648093543946743011474609375000000       -0.18352945490294706     
  0.320625610649585723876953125000000000       -0.20776858156842209     
  0.321603127755224704742431640625000000       -0.23188255620932796     
  0.322580644860863685607910156250000000       -0.25585685346902060     
  0.323558161966502666473388671875000000       -0.27967703212728745     
  0.324535679072141647338867187500000000       -0.30332874379919861     
  0.325513196177780628204345703125000000       -0.32679774157803748     
  0.326490713283419609069824218750000000       -0.35006988861710431     
  0.327468230389058589935302734375000000       -0.37313116664522450     
  0.328445747494697570800781250000000000       -0.39596768441083052     
  0.329423264600336551666259765625000000       -0.41856568604953293     
  0.330400781705975532531738281250000000       -0.44091155937013815     
  0.331378298811614513397216796875000000       -0.46299184405412397     
  0.332355815917253494262695312500000000       -0.48479323976363153     
  0.333333333022892475128173828125000000       -0.50630261415309252     
  0.334310850128531455993652343750000000       -0.52750701077966178     
  0.335288367234170436859130859375000000       -0.54839365690769493     
  0.336265884339809417724609375000000000       -0.56894997120256652     
  0.337243401445448398590087890625000000       -0.58916357130919539     
  0.338220918551087379455566406250000000       -0.60902228131071245     
  0.339198435656726360321044921875000000       -0.62851413906277787     
  0.340175952762365341186523437500000000       -0.64762740339912916     
  0.341153469868004322052001953125000000       -0.66635056120402136     
  0.342130986973643302917480468750000000       -0.68467233434729657     
  0.343108504079282283782958984375000000       -0.70258168647790853     
  0.344086021184921264648437500000000000       -0.72006782967180760     
  0.345063538290560245513916015625000000       -0.73712023093018275     
  0.346041055396199226379394531250000000       -0.75372861852414630     
  0.347018572501838207244873046875000000       -0.76988298818203937     
  0.347996089607477188110351562500000000       -0.78557360911563046     
  0.348973606713116168975830078125000000       -0.80079102988157969     
  0.349951123818755149841308593750000000       -0.81552608407463367     
  0.350928640924394130706787109375000000       -0.82976989584912542     
  0.351906158030033111572265625000000000       -0.84351388526545246     
  0.352883675135672092437744140625000000       -0.85674977345831116     
  0.353861192241311073303222656250000000       -0.86946958762357629     
  0.354838709346950054168701171875000000       -0.88166566582081884     
  0.355816226452589035034179687500000000       -0.89333066158857344     
  0.356793743558228015899658203125000000       -0.90445754836957226     
  0.357771260663866996765136718750000000       -0.91503962374327930     
  0.358748777769505977630615234375000000       -0.92507051346317870     
  0.359726294875144958496093750000000000       -0.93454417529638245     
  0.360703811980783939361572265625000000       -0.94345490266324505     
  0.361681329086422920227050781250000000       -0.95179732807479445     
  0.362658846192061901092529296875000000       -0.95956642636590606     
  0.363636363297700881958007812500000000       -0.96675751772227425     
  0.364613880403339862823486328125000000       -0.97336627049935887     
  0.365591397508978843688964843750000000       -0.97938870383160381     
  0.366568914614617824554443359375000000       -0.98482119003036306     
  0.367546431720256805419921875000000000       -0.98966045676908398     
  0.368523948825895786285400390625000000       -0.99390358905443532     
  0.369501465931534767150878906250000000       -0.99754803098218936     
  0.370478983037173748016357421875000000        -1.0005915872768030     
  0.371456500142812728881835937500000000        -1.0030324246137703     
  0.372434017248451709747314453125000000        -1.0048690727239484     
  0.373411534354090690612792968750000000        -1.0061004252791925     
  0.374389051459729671478271484375000000        -1.0067257405587666     
  0.375366568565368652343750000000000000        -1.0067446418961279     
  0.376344085671007633209228515625000000        -1.0061571179058180     
  0.377321602776646614074707031250000000        -1.0049635224903195     
  0.378299119882285594940185546875000000        -1.0031645746268794     
  0.379276636987924575805664062500000000        -1.0007613579344232     
  0.380254154093563556671142578125000000       -0.99775532002082512     
  0.381231671199202537536621093750000000       -0.99414827161092090     
  0.382209188304841518402099609375000000       -0.98994238545579649     
  0.383186705410480499267578125000000000       -0.98514019502400341     
  0.384164222516119480133056640625000000       -0.97974459297549232     
  0.385141739621758460998535156250000000       -0.97375882941918301     
  0.386119256727397441864013671875000000       -0.96718650995521949     
  0.387096773833036422729492187500000000       -0.96003159350309164     
  0.388074290938675403594970703125000000       -0.95229838991693128     
  0.389051808044314384460449218750000000       -0.94399155738941520     
  0.390029325149953365325927734375000000       -0.93511609964584586     
  0.391006842255592346191406250000000000       -0.92567736293009262     
  0.391984359361231327056884765625000000       -0.91568103278421642     
  0.392961876466870307922363281250000000       -0.90513313062371026     
  0.393939393572509288787841796875000000       -0.89404001011042422     
  0.394916910678148269653320312500000000       -0.88240835332535661     
  0.395894427783787250518798828125000000       -0.87024516674361951     
  0.396871944889426231384277343750000000       -0.85755777701399882     
  0.397849461995065212249755859375000000       -0.84435382654565549     
  0.398826979100704193115234375000000000       -0.83064126890462420     
  0.399804496206343173980712890625000000       -0.81642836402288244     
  0.400782013311982154846191406250000000       -0.80172367322287608     
  0.401759530417621135711669921875000000       -0.78653605406049931     
  0.402737047523260116577148437500000000       -0.77087465498963370     
  0.403714564628899097442626953125000000       -0.75474890985146259     
  0.404692081734538078308105468750000000       -0.73816853219187639     
  0.405669598840177059173583984375000000       -0.72114350941039707     
  0.406647115945816040039062500000000000       -0.70368409674414145     
  0.407624633051455020904541015625000000       -0.68580081109045032     
  0.408602150157094001770019531250000000       -0.66750442467190252     
  0.409579667262732982635498046875000000       -0.64880595854753031     
  0.410557184368371963500976562500000000       -0.62971667597414638     
  0.411534701474010944366455078125000000       -0.61024807562177896     
  0.412512218579649925231933593750000000       -0.59041188464730210     
  0.413489735685288906097412109375000000       -0.57022005163043632     
  0.414467252790927886962890625000000000       -0.54968473937636919     
  0.415444769896566867828369140625000000       -0.52881831758933795     
  0.416422287002205848693847656250000000       -0.50763335542158150     
  0.417399804107844829559326171875000000       -0.48614261390215308     
  0.418377321213483810424804687500000000       -0.46435903825015284     
  0.419354838319122791290283203125000000       -0.44229575007701377     
  0.420332355424761772155761718750000000       -0.41996603948253164     
  0.421309872530400753021240234375000000       -0.39738335704940686     
  0.422287389636039733886718750000000000       -0.37456130574111623     
  0.423264906741678714752197265625000000       -0.35151363270799663     
  0.424242423847317695617675781250000000       -0.32825422100647494     
  0.425219940952956676483154296875000000       -0.30479708123643490     
  0.426197458058595657348632812500000000       -0.28115634310175497     
  0.427174975164234638214111328125000000       -0.25734624689910335     
  0.428152492269873619079589843750000000       -0.23338113494011573     
  0.429130009375512599945068359375000000       -0.20927544291212294     
  0.430107526481151580810546875000000000       -0.18504369118263264     
  0.431085043586790561676025390625000000       -0.16070047605280319     
  0.432062560692429542541503906250000000       -0.13626046096517741     
  0.433040077798068523406982421875000000       -0.11173836767097299     
  0.434017594903707504272460937500000000        -8.7148967362250265E-002
  0.434995112009346485137939453125000000        -6.2507071774298317E-002
  0.435972629114985466003417968750000000        -3.7827524263599505E-002
  0.436950146220624446868896484375000000        -1.3125190866746544E-002
  0.437927663326263427734375000000000000         1.1585048654302071E-002
  0.438905180431902408599853515625000000         3.6288309775234236E-002
  0.439882697537541389465332031250000000         6.0969712175265069E-002
  0.440860214643180370330810546875000000         8.5614388700485905E-002
  0.441837731748819351196289062500000000        0.11020749431928174     
  0.442815248854458332061767578125000000        0.13473421506442332     
  0.443792765960097312927246093750000000        0.15917977695644686     
  0.444770283065736293792724609375000000        0.18352945490294706     
  0.445747800171375274658203125000000000        0.20776858156842209     
  0.446725317277014255523681640625000000        0.23188255620932796     
  0.447702834382653236389160156250000000        0.25585685346902060     
  0.448680351488292217254638671875000000        0.27967703212728745     
  0.449657868593931198120117187500000000        0.30332874379919861     
  0.450635385699570178985595703125000000        0.32679774157803748     
  0.451612902805209159851074218750000000        0.35006988861710431     
  0.452590419910848140716552734375000000        0.37313116664522450     
  0.453567937016487121582031250000000000        0.39596768441083052     
  0.454545454122126102447509765625000000        0.41856568604953293     
  0.455522971227765083312988281250000000        0.44091155937013815     
  0.456500488333404064178466796875000000        0.46299184405412397     
  0.457478005439043045043945312500000000        0.48479323976363153     
  0.458455522544682025909423828125000000        0.50630261415309252     
  0.459433039650321006774902343750000000        0.52750701077966178     
  0.460410556755959987640380859375000000        0.54839365690769493     
  0.461388073861598968505859375000000000        0.56894997120256652     
  0.462365590967237949371337890625000000        0.58916357130919539     
  0.463343108072876930236816406250000000        0.60902228131071245     
  0.464320625178515911102294921875000000        0.62851413906277787     
  0.465298142284154891967773437500000000        0.64762740339912916     
  0.466275659389793872833251953125000000        0.66635056120402136     
  0.467253176495432853698730468750000000        0.68467233434729657     
  0.468230693601071834564208984375000000        0.70258168647790853     
  0.469208210706710815429687500000000000        0.72006782967180760     
  0.470185727812349796295166015625000000        0.73712023093018275     
  0.471163244917988777160644531250000000        0.75372861852414630     
  0.472140762023627758026123046875000000        0.76988298818203937     
  0.473118279129266738891601562500000000        0.78557360911563046     
  0.474095796234905719757080078125000000        0.80079102988157969     
  0.475073313340544700622558593750000000        0.81552608407463367     
  0.476050830446183681488037109375000000        0.82976989584912542     
  0.477028347551822662353515625000000000        0.84351388526545246     
  0.478005864657461643218994140625000000        0.85674977345831116     
  0.478983381763100624084472656250000000        0.86946958762357629     
  0.479960898868739604949951171875000000        0.88166566582081884     
  0.480938415974378585815429687500000000        0.89333066158857344     
  0.481915933080017566680908203125000000        0.90445754836957226     
  0.482893450185656547546386718750000000        0.91503962374327930     
  0.483870967291295528411865234375000000        0.92507051346317870     
  0.484848484396934509277343750000000000        0.93454417529638245     
  0.485826001502573490142822265625000000        0.94345490266324505     
  0.486803518608212471008300781250000000        0.95179732807479445     
  0.487781035713851451873779296875000000        0.95956642636590606     
  0.488758552819490432739257812500000000        0.96675751772227425     
  0.489736069925129413604736328125000000        0.97336627049935887     
  0.490713587030768394470214843750000000        0.97938870383160381     
  0.491691104136407375335693359375000000        0.98482119003036306     
  0.492668621242046356201171875000000000        0.98966045676908398     
  0.493646138347685337066650390625000000        0.99390358905443532     
  0.494623655453324317932128906250000000        0.99754803098218936     
  0.495601172558963298797607421875000000         1.0005915872768030     
  0.496578689664602279663085937500000000         1.0030324246137703     
  0.497556206770241260528564453125000000         1.0048690727239484     
  0.498533723875880241394042968750000000         1.0061004252791925     
  0.499511240981519222259521484375000000         1.0067257405587666     
  0.500488758087158203125000000000000000         1.0067446418961279     
  0.501466275192797183990478515625000000         1.0061571179058180     
  0.502443792298436164855957031250000000         1.0049635224903195     
  0.503421309404075145721435546875000000         1.0031645746268794     
  0.504398826509714126586914062500000000         1.0007613579344232     
  0.505376343615353107452392578125000000        0.99775532002082512     
  0.506353860720992088317871093750000000        0.99414827161092090     
  0.507331377826631069183349609375000000        0.98994238545579649     
  0.508308894932270050048828125000000000        0.98514019502400341     
  0.509286412037909030914306640625000000        0.97974459297549232     
  0.510263929143548011779785156250000000        0.97375882941918301     
  0.511241446249186992645263671875000000        0.96718650995521949     
  0.512218963354825973510742187500000000        0.96003159350309164     
  0.513196480460464954376220703125000000        0.95229838991693128     
  0.514173997566103935241699218750000000        0.94399155738941520     
  0.515151514671742916107177734375000000        0.93511609964584586     
  0.516129031777381896972656250000000000        0.92567736293009262     
  0.517106548883020877838134765625000000        0.91568103278421642     
  0.518084065988659858703613281250000000        0.90513313062371026     
  0.519061583094298839569091796875000000        0.89404001011042422     
  0.520039100199937820434570312500000000        0.88240835332535661     
  0.521016617305576801300048828125000000        0.87024516674361951     
  0.521994134411215782165527343750000000        0.85755777701399882     
  0.522971651516854763031005859375000000        0.84435382654565549     
  0.523949168622493743896484375000000000        0.83064126890462420     
  0.524926685728132724761962890625000000        0.81642836402288244     
  0.525904202833771705627441406250000000        0.80172367322287608     
  0.526881719939410686492919921875000000        0.78653605406049931     
  0.527859237045049667358398437500000000        0.77087465498963370     
  0.528836754150688648223876953125000000        0.75474890985146259     
  0.529814271256327629089355468750000000        0.73816853219187639     
  0.530791788361966609954833984375000000        0.72114350941039707     
  0.531769305467605590820312500000000000        0.70368409674414145     
  0.532746822573244571685791015625000000        0.68580081109045032     
  0.533724339678883552551269531250000000        0.66750442467190252     
  0.534701856784522533416748046875000000        0.64880595854753031     
  0.535679373890161514282226562500000000        0.62971667597414638     
  0.536656890995800495147705078125000000        0.61024807562177896     
  0.537634408101439476013183593750000000        0.59041188464730210     
  0.538611925207078456878662109375000000        0.57022005163043632     
  0.539589442312717437744140625000000000        0.54968473937636919     
  0.540566959418356418609619140625000000        0.52881831758933795     
  0.541544476523995399475097656250000000        0.50763335542158150     
  0.542521993629634380340576171875000000        0.48614261390215308     
  0.543499510735273361206054687500000000        0.46435903825015284     
  0.544477027840912342071533203125000000        0.44229575007701377     
  0.545454544946551322937011718750000000        0.41996603948253164     
  0.546432062052190303802490234375000000        0.39738335704940686     
  0.547409579157829284667968750000000000        0.37456130574111623     
  0.548387096263468265533447265625000000        0.35151363270799663     
  0.549364613369107246398925781250000000        0.32825422100647494     
  0.550342130474746227264404296875000000        0.30479708123643490     
  0.551319647580385208129882812500000000        0.28115634310175497     
  0.552297164686024188995361328125000000        0.25734624689910335     
  0.553274681791663169860839843750000000        0.23338113494011573     
  0.554252198897302150726318359375000000        0.20927544291212294     
  0.555229716002941131591796875000000000        0.18504369118263264     
  0.556207233108580112457275390625000000        0.16070047605280319     
  0.557184750214219093322753906250000000        0.13626046096517741     
  0.558162267319858074188232421875000000        0.11173836767097299     
  0.559139784425497055053710937500000000         8.7148967362250265E-002
  0.560117301531136035919189453125000000         6.2507071774298317E-002
  0.561094818636775016784667968750000000         3.7827524263599505E-002
  0.562072335742413997650146484375000000         1.3125190866746544E-002
  0.563049852848052978515625000000000000        -1.1585048654302071E-002
  0.564027369953691959381103515625000000        -3.6288309775234236E-002
  0.565004887059330940246582031250000000        -6.0969712175265069E-002
  0.565982404164969921112060546875000000        -8.5614388700485905E-002
  0.566959921270608901977539062500000000       -0.11020749431928174     
  0.567937438376247882843017578125000000       -0.13473421506442332     
  0.568914955481886863708496093750000000       -0.15917977695644686     
  0.569892472587525844573974609375000000       -0.18352945490294706     
  0.570869989693164825439453125000000000       -0.20776858156842209     
  0.571847506798803806304931640625000000       -0.23188255620932796     
  0.572825023904442787170410156250000000       -0.25585685346902060     
  0.573802541010081768035888671875000000       -0.27967703212728745     
  0.574780058115720748901367187500000000       -0.30332874379919861     
  0.575757575221359729766845703125000000       -0.32679774157803748     
  0.576735092326998710632324218750000000       -0.35006988861710431     
  0.577712609432637691497802734375000000       -0.37313116664522450     
  0.578690126538276672363281250000000000       -0.39596768441083052     
  0.579667643643915653228759765625000000       -0.41856568604953293     
  0.580645160749554634094238281250000000       -0.44091155937013815     
  0.581622677855193614959716796875000000       -0.46299184405412397     
  0.582600194960832595825195312500000000       -0.48479323976363153     
  0.583577712066471576690673828125000000       -0.50630261415309252     
  0.584555229172110557556152343750000000       -0.52750701077966178     
  0.585532746277749538421630859375000000       -0.54839365690769493     
  0.586510263383388519287109375000000000       -0.56894997120256652     
  0.587487780489027500152587890625000000       -0.58916357130919539     
  0.588465297594666481018066406250000000       -0.60902228131071245     
  0.589442814700305461883544921875000000       -0.62851413906277787     
  0.590420331805944442749023437500000000       -0.64762740339912916     
  0.591397848911583423614501953125000000       -0.66635056120402136     
  0.592375366017222404479980468750000000       -0.68467233434729657     
  0.593352883122861385345458984375000000       -0.70258168647790853     
  0.594330400228500366210937500000000000       -0.72006782967180760     
  0.595307917334139347076416015625000000       -0.73712023093018275     
  0.596285434439778327941894531250000000       -0.75372861852414630     
  0.597262951545417308807373046875000000       -0.76988298818203937     
  0.598240468651056289672851562500000000       -0.78557360911563046     
  0.599217985756695270538330078125000000       -0.80079102988157969     
  0.600195502862334251403808593750000000       -0.81552608407463367     
  0.601173019967973232269287109375000000       -0.82976989584912542     
  0.602150537073612213134765625000000000       -0.84351388526545246     
  0.603128054179251194000244140625000000       -0.85674977345831116     
  0.604105571284890174865722656250000000       -0.86946958762357629     
  0.605083088390529155731201171875000000       -0.88166566582081884     
  0.606060605496168136596679687500000000       -0.89333066158857344     
  0.607038122601807117462158203125000000       -0.90445754836957226     
  0.608015639707446098327636718750000000       -0.91503962374327930     
  0.608993156813085079193115234375000000       -0.92507051346317870     
  0.609970673918724060058593750000000000       -0.93454417529638245     
  0.610948191024363040924072265625000000       -0.94345490266324505     
  0.611925708130002021789550781250000000       -0.95179732807479445     
  0.612903225235641002655029296875000000       -0.95956642636590606     
  0.613880742341279983520507812500000000       -0.96675751772227425     
  0.614858259446918964385986328125000000       -0.97336627049935887     
  0.615835776552557945251464843750000000       -0.97938870383160381     
  0.616813293658196926116943359375000000       -0.98482119003036306     
  0.617790810763835906982421875000000000       -0.98966045676908398     
  0.618768327869474887847900390625000000       -0.99390358905443532     
  0.619745844975113868713378906250000000       -0.99754803098218936     
  0.620723362080752849578857421875000000        -1.0005915872768030     
  0.621700879186391830444335937500000000        -1.0030324246137703     
  0.622678396292030811309814453125000000        -1.0048690727239484     
  0.623655913397669792175292968750000000        -1.0061004252791925     
  0.624633430503308773040771484375000000        -1.0067257405587666     
  0.625610947608947753906250000000000000        -1.0067446418961279     
  0.626588464714586734771728515625000000        -1.0061571179058180     
  0.627565981820225715637207031250000000        -1.0049635224903195     
  0.628543498925864696502685546875000000        -1.0031645746268794     
  0.629521016031503677368164062500000000        -1.0007613579344232     
  0.630498533137142658233642578125000000       -0.99775532002082512     
  0.631476050242781639099121093750000000       -0.99414827161092090     
  0.632453567348420619964599609375000000       -0.98994238545579649     
  0.633431084454059600830078125000000000       -0.98514019502400341     
  0.634408601559698581695556640625000000       -0.97974459297549232     
  0.635386118665337562561035156250000000       -0.97375882941918301     
  0.636363635770976543426513671875000000       -0.96718650995521949     
  0.637341152876615524291992187500000000       -0.96003159350309164     
  0.638318669982254505157470703125000000       -0.95229838991693128     
  0.639296187087893486022949218750000000       -0.94399155738941520     
  0.640273704193532466888427734375000000       -0.93511609964584586     
  0.641251221299171447753906250000000000       -0.92567736293009262     
  0.642228738404810428619384765625000000       -0.91568103278421642     
  0.643206255510449409484863281250000000       -0.90513313062371026     
  0.644183772616088390350341796875000000       -0.89404001011042422     
  0.645161289721727371215820312500000000       -0.88240835332535661     
  0.646138806827366352081298828125000000       -0.87024516674361951     
  0.647116323933005332946777343750000000       -0.85755777701399882     
  0.648093841038644313812255859375000000       -0.84435382654565549     
  0.649071358144283294677734375000000000       -0.83064126890462420     
  0.650048875249922275543212890625000000       -0.81642836402288244     
  0.651026392355561256408691406250000000       -0.80172367322287608     
  0.652003909461200237274169921875000000       -0.78653605406049931     
  0.652981426566839218139648437500000000       -0.77087465498963370     
  0.653958943672478199005126953125000000       -0.75474890985146259     
  0.654936460778117179870605468750000000       -0.73816853219187639     
  0.655913977883756160736083984375000000       -0.72114350941039707     
  0.656891494989395141601562500000000000       -0.70368409674414145     
  0.657869012095034122467041015625000000       -0.68580081109045032     
  0.658846529200673103332519531250000000       -0.66750442467190252     
  0.659824046306312084197998046875000000       -0.64880595854753031     
  0.660801563411951065063476562500000000       -0.62971667597414638     
  0.661779080517590045928955078125000000       -0.61024807562177896     
  0.662756597623229026794433593750000000       -0.59041188464730210     
  0.663734114728868007659912109375000000       -0.57022005163043632     
  0.664711631834506988525390625000000000       -0.54968473937636919     
  0.665689148940145969390869140625000000       -0.52881831758933795     
  0.666666666045784950256347656250000000       -0.50763335542158150     
  0.667644183151423931121826171875000000       -0.48614261390215308     
  0.668621700257062911987304687500000000       -0.46435903825015284     
  0.669599217362701892852783203125000000       -0.44229575007701377     
  0.670576734468340873718261718750000000       -0.41996603948253164     
  0.671554251573979854583740234375000000       -0.39738335704940686     
  0.672531768679618835449218750000000000       -0.37456130574111623     
  0.673509285785257816314697265625000000       -0.35151363270799663     
  0.674486802890896797180175781250000000       -0.32825422100647494     
  0.675464319996535778045654296875000000       -0.30479708123643490     
  0.676441837102174758911132812500000000       -0.28115634310175497     
  0.677419354207813739776611328125000000       -0.25734624689910335     
  0.678396871313452720642089843750000000       -0.23338113494011573     
  0.679374388419091701507568359375000000       -0.20927544291212294     
  0.680351905524730682373046875000000000       -0.18504369118263264     
  0.681329422630369663238525390625000000       -0.16070047605280319     
  0.682306939736008644104003906250000000       -0.13626046096517741     
  0.683284456841647624969482421875000000       -0.11173836767097299     
  0.684261973947286605834960937500000000        -8.7148967362250265E-002
  0.685239491052925586700439453125000000        -6.2507071774298317E-002
  0.686217008158564567565917968750000000        -3.7827524263599505E-002
  0.687194525264203548431396484375000000        -1.3125190866746544E-002
  0.688172042369842529296875000000000000         1.1585048654302071E-002
  0.689149559475481510162353515625000000         3.6288309775234236E-002
  0.690127076581120491027832031250000000         6.0969712175265069E-002
  0.691104593686759471893310546875000000         8.5614388700485905E-002
  0.692082110792398452758789062500000000        0.11020749431928174     
  0.693059627898037433624267578125000000        0.13473421506442332     
  0.694037145003676414489746093750000000        0.15917977695644686     
  0.695014662109315395355224609375000000        0.18352945490294706     
  0.695992179214954376220703125000000000        0.20776858156842209     
  0.696969696320593357086181640625000000        0.23188255620932796     
  0.697947213426232337951660156250000000        0.25585685346902060     
  0.698924730531871318817138671875000000        0.27967703212728745     
  0.699902247637510299682617187500000000        0.30332874379919861     
  0.700879764743149280548095703125000000        0.32679774157803748     
  0.701857281848788261413574218750000000        0.35006988861710431     
  0.702834798954427242279052734375000000        0.37313116664522450     
  0.703812316060066223144531250000000000        0.39596768441083052     
  0.704789833165705204010009765625000000        0.41856568604953293     
  0.705767350271344184875488281250000000        0.44091155937013815     
  0.706744867376983165740966796875000000        0.46299184405412397     
  0.707722384482622146606445312500000000        0.48479323976363153     
  0.708699901588261127471923828125000000        0.50630261415309252     
  0.709677418693900108337402343750000000        0.52750701077966178     
  0.710654935799539089202880859375000000        0.54839365690769493     
  0.711632452905178070068359375000000000        0.56894997120256652     
  0.712609970010817050933837890625000000        0.58916357130919539     
  0.713587487116456031799316406250000000        0.60902228131071245     
  0.714565004222095012664794921875000000        0.62851413906277787     
  0.715542521327733993530273437500000000        0.64762740339912916     
  0.716520038433372974395751953125000000        0.66635056120402136     
  0.717497555539011955261230468750000000        0.68467233434729657     
  0.718475072644650936126708984375000000        0.70258168647790853     
  0.719452589750289916992187500000000000        0.72006782967180760     
  0.720430106855928897857666015625000000        0.73712023093018275     
  0.721407623961567878723144531250000000        0.75372861852414630     
  0.722385141067206859588623046875000000        0.76988298818203937     
  0.723362658172845840454101562500000000        0.78557360911563046     
  0.724340175278484821319580078125000000        0.80079102988157969     
  0.725317692384123802185058593750000000        0.81552608407463367     
  0.726295209489762783050537109375000000        0.82976989584912542     
  0.727272726595401763916015625000000000        0.84351388526545246     
  0.728250243701040744781494140625000000        0.85674977345831116     
  0.729227760806679725646972656250000000        0.86946958762357629     
  0.730205277912318706512451171875000000        0.88166566582081884     
  0.731182795017957687377929687500000000        0.89333066158857344     
  0.732160312123596668243408203125000000        0.90445754836957226     
  0.733137829229235649108886718750000000        0.91503962374327930     
  0.734115346334874629974365234375000000        0.92507051346317870     
  0.735092863440513610839843750000000000        0.93454417529638245     
  0.736070380546152591705322265625000000        0.94345490266324505     
  0.737047897651791572570800781250000000        0.95179732807479445     
  0.738025414757430553436279296875000000        0.95956642636590606     
  0.739002931863069534301757812500000000        0.96675751772227425     
  0.739980448968708515167236328125000000        0.97336627049935887     
  0.740957966074347496032714843750000000        0.97938870383160381     
  0.741935483179986476898193359375000000        0.98482119003036306     
  0.742913000285625457763671875000000000        0.98966045676908398     
  0.743890517391264438629150390625000000        0.99390358905443532     
  0.744868034496903419494628906250000000        0.99754803098218936     
  0.745845551602542400360107421875000000         1.0005915872768030     
  0.746823068708181381225585937500000000         1.0030324246137703     
  0.747800585813820362091064453125000000         1.0048690727239484     
  0.748778102919459342956542968750000000         1.0061004252791925     
  0.749755620025098323822021484375000000         1.0067257405587666     
  0.750733137130737304687500000000000000         1.0067446418961279     
  0.751710654236376285552978515625000000         1.0061571179058180     
  0.752688171342015266418457031250000000         1.0049635224903195     
  0.753665688447654247283935546875000000         1.0031645746268794     
  0.754643205553293228149414062500000000         1.0007613579344232     
  0.755620722658932209014892578125000000        0.99775532002082512     
  0.756598239764571189880371093750000000        0.99414827161092090     
  0.757575756870210170745849609375000000        0.98994238545579649     
  0.758553273975849151611328125000000000        0.98514019502400341     
  0.759530791081488132476806640625000000        0.97974459297549232     
  0.760508308187127113342285156250000000        0.97375882941918301     
  0.761485825292766094207763671875000000        0.96718650995521949     
  0.762463342398405075073242187500000000        0.96003159350309164     
  0.763440859504044055938720703125000000        0.95229838991693128     
  0.764418376609683036804199218750000000        0.94399155738941520     
  0.765395893715322017669677734375000000        0.93511609964584586     
  0.766373410820960998535156250000000000        0.92567736293009262     
  0.767350927926599979400634765625000000        0.91568103278421642     
  0.768328445032238960266113281250000000        0.90513313062371026     
  0.769305962137877941131591796875000000        0.89404001011042422     
  0.770283479243516921997070312500000000        0.88240835332535661     
  0.771260996349155902862548828125000000        0.87024516674361951     
  0.772238513454794883728027343750000000        0.85755777701399882     
  0.773216030560433864593505859375000000        0.84435382654565549     
  0.774193547666072845458984375000000000        0.83064126890462420     
  0.775171064771711826324462890625000000        0.81642836402288244     
  0.776148581877350807189941406250000000        0.80172367322287608     
  0.777126098982989788055419921875000000        0.78653605406049931     
  0.778103616088628768920898437500000000        0.77087465498963370     
  0.779081133194267749786376953125000000        0.75474890985146259     
  0.780058650299906730651855468750000000        0.73816853219187639     
  0.781036167405545711517333984375000000        0.72114350941039707     
  0.782013684511184692382812500000000000        0.70368409674414145     
  0.782991201616823673248291015625000000        0.68580081109045032     
  0.783968718722462654113769531250000000        0.66750442467190252     
  0.784946235828101634979248046875000000        0.64880595854753031     
  0.785923752933740615844726562500000000        0.62971667597414638     
  0.786901270039379596710205078125000000        0.61024807562177896     
  0.787878787145018577575683593750000000        0.59041188464730210     
  0.788856304250657558441162109375000000        0.57022005163043632     
  0.789833821356296539306640625000000000        0.54968473937636919     
  0.790811338461935520172119140625000000        0.52881831758933795     
  0.791788855567574501037597656250000000        0.50763335542158150     
  0.792766372673213481903076171875000000        0.48614261390215308     
  0.793743889778852462768554687500000000        0.46435903825015284     
  0.794721406884491443634033203125000000        0.44229575007701377     
  0.795698923990130424499511718750000000        0.41996603948253164     
  0.796676441095769405364990234375000000        0.39738335704940686     
  0.797653958201408386230468750000000000        0.37456130574111623     
  0.798631475307047367095947265625000000        0.35151363270799663     
  0.799608992412686347961425781250000000        0.32825422100647494     
  0.800586509518325328826904296875000000        0.30479708123643490     
  0.801564026623964309692382812500000000        0.28115634310175497     
  0.802541543729603290557861328125000000        0.25734624689910335     
  0.803519060835242271423339843750000000        0.23338113494011573     
  0.804496577940881252288818359375000000        0.20927544291212294     
  0.805474095046520233154296875000000000        0.18504369118263264     
  0.806451612152159214019775390625000000        0.16070047605280319     
  0.807429129257798194885253906250000000        0.13626046096517741     
  0.808406646363437175750732421875000000        0.11173836767097299     
  0.809384163469076156616210937500000000         8.7148967362250265E-002
  0.810361680574715137481689453125000000         6.2507071774298317E-002
  0.811339197680354118347167968750000000         3.7827524263599505E-002
  0.812316714785993099212646484375000000         1.3125190866746544E-002
  0.813294231891632080078125000000000000        -1.1585048654302071E-002
  0.814271748997271060943603515625000000        -3.6288309775234236E-002
  0.815249266102910041809082031250000000        -6.0969712175265069E-002
  0.816226783208549022674560546875000000        -8.5614388700485905E-002
  0.817204300314188003540039062500000000       -0.11020749431928174     
  0.818181817419826984405517578125000000       -0.13473421506442332     
  0.819159334525465965270996093750000000       -0.15917977695644686     
  0.820136851631104946136474609375000000       -0.18352945490294706     
  0.821114368736743927001953125000000000       -0.20776858156842209     
  0.822091885842382907867431640625000000       -0.23188255620932796     
  0.823069402948021888732910156250000000       -0.25585685346902060     
  0.824046920053660869598388671875000000       -0.27967703212728745     
  0.825024437159299850463867187500000000       -0.30332874379919861     
  0.826001954264938831329345703125000000       -0.32679774157803748     
  0.826979471370577812194824218750000000       -0.35006988861710431     
  0.827956988476216793060302734375000000       -0.37313116664522450     
  0.828934505581855773925781250000000000       -0.39596768441083052     
  0.829912022687494754791259765625000000       -0.41856568604953293     
  0.830889539793133735656738281250000000       -0.44091155937013815     
  0.831867056898772716522216796875000000       -0.46299184405412397     
  0.832844574004411697387695312500000000       -0.48479323976363153     
  0.833822091110050678253173828125000000       -0.50630261415309252     
  0.834799608215689659118652343750000000       -0.52750701077966178     
  0.835777125321328639984130859375000000       -0.54839365690769493     
  0.836754642426967620849609375000000000       -0.56894997120256652     
  0.837732159532606601715087890625000000       -0.58916357130919539     
  0.838709676638245582580566406250000000       -0.60902228131071245     
  0.839687193743884563446044921875000000       -0.62851413906277787     
  0.840664710849523544311523437500000000       -0.64762740339912916     
  0.841642227955162525177001953125000000       -0.66635056120402136     
  0.842619745060801506042480468750000000       -0.68467233434729657     
  0.843597262166440486907958984375000000       -0.70258168647790853     
  0.844574779272079467773437500000000000       -0.72006782967180760     
  0.845552296377718448638916015625000000       -0.73712023093018275     
  0.846529813483357429504394531250000000       -0.75372861852414630     
  0.847507330588996410369873046875000000       -0.76988298818203937     
  0.848484847694635391235351562500000000       -0.78557360911563046     
  0.849462364800274372100830078125000000       -0.80079102988157969     
  0.850439881905913352966308593750000000       -0.81552608407463367     
  0.851417399011552333831787109375000000       -0.82976989584912542     
  0.852394916117191314697265625000000000       -0.84351388526545246     
  0.853372433222830295562744140625000000       -0.85674977345831116     
  0.854349950328469276428222656250000000       -0.86946958762357629     
  0.855327467434108257293701171875000000       -0.88166566582081884     
  0.856304984539747238159179687500000000       -0.89333066158857344     
  0.857282501645386219024658203125000000       -0.90445754836957226     
  0.858260018751025199890136718750000000       -0.91503962374327930     
  0.859237535856664180755615234375000000       -0.92507051346317870     
  0.860215052962303161621093750000000000       -0.93454417529638245     
  0.861192570067942142486572265625000000       -0.94345490266324505     
  0.862170087173581123352050781250000000       -0.95179732807479445     
  0.863147604279220104217529296875000000       -0.95956642636590606     
  0.864125121384859085083007812500000000       -0.96675751772227425     
  0.865102638490498065948486328125000000       -0.97336627049935887     
  0.866080155596137046813964843750000000       -0.97938870383160381     
  0.867057672701776027679443359375000000       -0.98482119003036306     
  0.868035189807415008544921875000000000       -0.98966045676908398     
  0.869012706913053989410400390625000000       -0.99390358905443532     
  0.869990224018692970275878906250000000       -0.99754803098218936     
  0.870967741124331951141357421875000000        -1.0005915872768030     
  0.871945258229970932006835937500000000        -1.0030324246137703     
  0.872922775335609912872314453125000000        -1.0048690727239484     
  0.873900292441248893737792968750000000        -1.0061004252791925     
  0.874877809546887874603271484375000000        -1.0067257405587666     
  0.875855326652526855468750000000000000        -1.0067446418961279     
  0.876832843758165836334228515625000000        -1.0061571179058180     
  0.877810360863804817199707031250000000        -1.0049635224903195     
  0.878787877969443798065185546875000000        -1.0031645746268794     
  0.879765395075082778930664062500000000        -1.0007613579344232     
  0.880742912180721759796142578125000000       -0.99775532002082512     
  0.881720429286360740661621093750000000       -0.99414827161092090     
  0.882697946391999721527099609375000000       -0.98994238545579649     
  0.883675463497638702392578125000000000       -0.98514019502400341     
  0.884652980603277683258056640625000000       -0.97974459297549232     
  0.885630497708916664123535156250000000       -0.97375882941918301     
  0.886608014814555644989013671875000000       -0.96718650995521949     
  0.887585531920194625854492187500000000       -0.96003159350309164     
  0.888563049025833606719970703125000000       -0.95229838991693128     
  0.889540566131472587585449218750000000       -0.94399155738941520     
  0.890518083237111568450927734375000000       -0.93511609964584586     
  0.891495600342750549316406250000000000       -0.92567736293009262     
  0.892473117448389530181884765625000000       -0.91568103278421642     
  0.893450634554028511047363281250000000       -0.90513313062371026     
  0.894428151659667491912841796875000000       -0.89404001011042422     
  0.895405668765306472778320312500000000       -0.88240835332535661     
  0.896383185870945453643798828125000000       -0.87024516674361951     
  0.897360702976584434509277343750000000       -0.85755777701399882     
  0.898338220082223415374755859375000000       -0.84435382654565549     
  0.899315737187862396240234375000000000       -0.83064126890462420     
  0.900293254293501377105712890625000000       -0.81642836402288244     
  0.901270771399140357971191406250000000       -0.80172367322287608     
  0.902248288504779338836669921875000000       -0.78653605406049931     
  0.903225805610418319702148437500000000       -0.77087465498963370     
  0.904203322716057300567626953125000000       -0.75474890985146259     
  0.905180839821696281433105468750000000       -0.73816853219187639     
  0.906158356927335262298583984375000000       -0.72114350941039707     
  0.907135874032974243164062500000000000       -0.70368409674414145     
  0.908113391138613224029541015625000000       -0.68580081109045032     
  0.909090908244252204895019531250000000       -0.66750442467190252     
  0.910068425349891185760498046875000000       -0.64880595854753031     
  0.911045942455530166625976562500000000       -0.62971667597414638     
  0.912023459561169147491455078125000000       -0.61024807562177896     
  0.913000976666808128356933593750000000       -0.59041188464730210     
  0.913978493772447109222412109375000000       -0.57022005163043632     
  0.914956010878086090087890625000000000       -0.54968473937636919     
  0.915933527983725070953369140625000000       -0.52881831758933795     
  0.916911045089364051818847656250000000       -0.50763335542158150     
  0.917888562195003032684326171875000000       -0.48614261390215308     
  0.918866079300642013549804687500000000       -0.46435903825015284     
  0.919843596406280994415283203125000000       -0.44229575007701377     
  0.920821113511919975280761718750000000       -0.41996603948253164     
  0.921798630617558956146240234375000000       -0.39738335704940686     
  0.922776147723197937011718750000000000       -0.37456130574111623     
  0.923753664828836917877197265625000000       -0.35151363270799663     
  0.924731181934475898742675781250000000       -0.32825422100647494     
  0.925708699040114879608154296875000000       -0.30479708123643490     
  0.926686216145753860473632812500000000       -0.28115634310175497     
  0.927663733251392841339111328125000000       -0.25734624689910335     
  0.928641250357031822204589843750000000       -0.23338113494011573     
  0.929618767462670803070068359375000000       -0.20927544291212294     
  0.930596284568309783935546875000000000       -0.18504369118263264     
  0.931573801673948764801025390625000000       -0.16070047605280319     
  0.932551318779587745666503906250000000       -0.13626046096517741     
  0.933528835885226726531982421875000000       -0.11173836767097299     
  0.934506352990865707397460937500000000        -8.7148967362250265E-002
  0.935483870096504688262939453125000000        -6.2507071774298317E-002
  0.936461387202143669128417968750000000        -3.7827524263599505E-002
  0.937438904307782649993896484375000000        -1.3125190866746544E-002
  0.938416421413421630859375000000000000         1.1585048654302071E-002
  0.939393938519060611724853515625000000         3.6288309775234236E-002
  0.940371455624699592590332031250000000         6.0969712175265069E-002
  0.941348972730338573455810546875000000         8.5614388700485905E-002
  0.942326489835977554321289062500000000        0.11020749431928174     
  0.943304006941616535186767578125000000        0.13473421506442332     
  0.944281524047255516052246093750000000        0.15917977695644686     
  0.945259041152894496917724609375000000        0.18352945490294706     
  0.946236558258533477783203125000000000        0.20776858156842209     
  0.947214075364172458648681640625000000        0.23188255620932796     
  0.948191592469811439514160156250000000        0.25585685346902060     
  0.949169109575450420379638671875000000        0.27967703212728745     
  0.950146626681089401245117187500000000        0.30332874379919861     
  0.951124143786728382110595703125000000        0.32679774157803748     
  0.952101660892367362976074218750000000        0.35006988861710431     
  0.953079177998006343841552734375000000        0.37313116664522450     
  0.954056695103645324707031250000000000        0.39596768441083052     
  0.955034212209284305572509765625000000        0.41856568604953293     
  0.956011729314923286437988281250000000        0.44091155937013815     
  0.956989246420562267303466796875000000        0.46299184405412397     
  0.957966763526201248168945312500000000        0.48479323976363153     
  0.958944280631840229034423828125000000        0.50630261415309252     
  0.959921797737479209899902343750000000        0.52750701077966178     
  0.960899314843118190765380859375000000        0.54839365690769493     
  0.961876831948757171630859375000000000        0.56894997120256652     
  0.962854349054396152496337890625000000        0.58916357130919539     
  0.963831866160035133361816406250000000        0.60902228131071245     
  0.964809383265674114227294921875000000        0.62851413906277787     
  0.965786900371313095092773437500000000        0.64762740339912916     
  0.966764417476952075958251953125000000        0.66635056120402136     
  0.967741934582591056823730468750000000        0.68467233434729657     
  0.968719451688230037689208984375000000        0.70258168647790853     
  0.969696968793869018554687500000000000        0.72006782967180760     
  0.970674485899507999420166015625000000        0.73712023093018275     
  0.971652003005146980285644531250000000        0.75372861852414630     
  0.972629520110785961151123046875000000        0.76988298818203937     
  0.973607037216424942016601562500000000        0.78557360911563046     
  0.974584554322063922882080078125000000        0.80079102988157969     
  0.975562071427702903747558593750000000        0.81552608407463367     
  0.976539588533341884613037109375000000        0.82976989584912542     
  0.977517105638980865478515625000000000        0.84351388526545246     
  0.978494622744619846343994140625000000        0.85674977345831116     
  0.979472139850258827209472656250000000        0.86946958762357629     
  0.980449656955897808074951171875000000        0.88166566582081884     
  0.981427174061536788940429687500000000        0.89333066158857344     
  0.982404691167175769805908203125000000        0.90445754836957226     
  0.983382208272814750671386718750000000        0.91503962374327930     
  0.984359725378453731536865234375000000        0.92507051346317870     
  0.985337242484092712402343750000000000        0.93454417529638245     
  0.986314759589731693267822265625000000        0.94345490266324505     
  0.987292276695370674133300781250000000        0.95179732807479445     
  0.988269793801009654998779296875000000        0.95956642636590606     
  0.989247310906648635864257812500000000        0.96675751772227425     
  0.990224828012287616729736328125000000        0.97336627049935887     
  0.991202345117926597595214843750000000        0.97938870383160381     
  0.992179862223565578460693359375000000        0.98482119003036306     
  0.993157379329204559326171875000000000        0.98966045676908398     
  0.994134896434843540191650390625000000        0.99390358905443532     
  0.995112413540482521057128906250000000        0.99754803098218936     
  0.996089930646121501922607421875000000         1.0005915872768030     
  0.997067447751760482788085937500000000         1.0030324246137703     
  0.998044964857399463653564453125000000         1.0048690727239484     
  0.999022481963038444519042968750000000         1.0061004252791925     
  0.999999999068677425384521484375000000         1.0067257405587666     
   1.00097751617431640625000000000000000         1.0067446418961279     
