   9.77517105638980865478515625000000000E-0004    0.999698229618853313855999880596587938      
   1.95503421127796173095703125000000000E-0003    0.998793100606139130256455814767587168      
   2.93255131691694259643554687500000000E-0003    0.997285159244111756567195074598624184      
   3.91006842255592346191406250000000000E-0003    0.995175315636850324495406483435081930      
   4.88758552819490432739257812500000000E-0003    0.992464843160973880404182244765560183      
   5.86510263383388519287109375000000000E-0003    0.989155377697106689966718836009066193      
   6.84261973947286605834960937500000000E-0003    0.985248916642557599176054875433977481      
   7.82013684511184692382812500000000000E-0003    0.980747817705809339961430124442008837      
   8.79765395075082778930664062500000000E-0003    0.975654797483545355254706740455896790      
   9.77517105638980865478515625000000000E-0003    0.969972929821072965821575212723316977      
   1.07526881620287895202636718750000000E-0002    0.963705643957132430309274228288057083      
   1.17302052676677703857421875000000000E-0002    0.956856722454211581864923025134906096      
   1.27077223733067512512207031250000000E-0002    0.949430298915615180806389039427171072      
   1.36852394789457321166992187500000000E-0002    0.941430855490666825048842773229156638      
   1.46627565845847129821777343750000000E-0002    0.932863220169549130627749088667346236      
   1.56402736902236938476562500000000000E-0002    0.923732563869414856537867483731733233      
   1.66177907958626747131347656250000000E-0002    0.914044397313527624601214196609810109      
   1.75953079015016555786132812500000000E-0002    0.903804567705315800152927373792919711      
   1.85728250071406364440917968750000000E-0002    0.893019255199346877601232838231567973      
   1.95503421127796173095703125000000000E-0002    0.881694969171352281671002432322210707      
   2.05278592184185981750488281250000000E-0002    0.869838544289553776405697771333842642      
   2.15053763240575790405273437500000000E-0002    0.857457136389662596581612214442158581      
   2.24828934296965599060058593750000000E-0002    0.844558218156040907703098124577258881      
   2.34604105353355407714843750000000000E-0002    0.831149574611632189683435892652110808      
   2.44379276409745216369628906250000000E-0002    0.817239298419382555065574151558441103      
   2.54154447466135025024414062500000000E-0002    0.802835784997988785542037622675324134      
   2.63929618522524833679199218750000000E-0002    0.787947727454920931927274270054308059      
   2.73704789578914642333984375000000000E-0002    0.772584111339777604984977741453807477      
   2.83479960635304450988769531250000000E-0002    0.756754209221140521057641662588933275      
   2.93255131691694259643554687500000000E-0002    0.740467575090201391839904360218395618      
   3.03030302748084068298339843750000000E-0002    0.723734038594538797588708340370869812      
   3.12805473804473876953125000000000000E-0002    0.706563699105525194471770934745020215      
   3.22580644860863685607910156250000000E-0002    0.688966919622944617751527338089748314      
   3.32355815917253494262695312500000000E-0002    0.670954320520499892482435926008372948      
   3.42130986973643302917480468750000000E-0002    0.652536773135984193067460001843766433      
   3.51906158030033111572265625000000000E-0002    0.633725393209985544416840991304156286      
   3.61681329086422920227050781250000000E-0002    0.614531534177084273996165791245460583      
   3.71456500142812728881835937500000000E-0002    0.594966780313592450567594900335083055      
   3.81231671199202537536621093750000000E-0002    0.575042939745970928186826261809200365      
   3.91006842255592346191406250000000000E-0002    0.554772037324143700762698239928741857      
   4.00782013311982154846191406250000000E-0002    0.534166307364010812466506061252898796      
   4.10557184368371963500976562500000000E-0002    0.513238186263540013281417589745900187      
   4.20332355424761772155761718750000000E-0002    0.492000304996893649362902533876888726      
   4.30107526481151580810546875000000000E-0002    0.470465481491120888588444276982213077      
   4.39882697537541389465332031250000000E-0002    0.448646712890016258281923049187075782      
   4.49657868593931198120117187500000000E-0002    0.426557167709813571828021630442060735      
   4.59433039650321006774902343750000000E-0002    0.404210177891449602643847256196873032      
   4.69208210706710815429687500000000000E-0002    0.381619230754194288348487619050355536      
   4.78983381763100624084472656250000000E-0002    0.358797960855503777290770838887442771      
   4.88758552819490432739257812500000000E-0002    0.335760141762009227932708109332922684      
   4.98533723875880241394042968750000000E-0002    0.312519677736607904781559836260883457      
   5.08308894932270050048828125000000000E-0002    0.289090595346673750247361791167502328      
   5.18084065988659858703613281250000000E-0002    0.265487034998452219414377850782083729      
   5.27859237045049667358398437500000000E-0002    0.241723242402748715521176070190664230      
   5.37634408101439476013183593750000000E-0002    0.217813559977061431056627587033384360      
   5.47409579157829284667968750000000000E-0002    0.193772418189347757771010428642165827      
   5.57184750214219093322753906250000000E-0002    0.169614326848648655421709615152234093      
   5.66959921270608901977539062500000000E-0002    0.145353866347827442461100099219022750      
   5.76735092326998710632324218750000000E-0002    0.121005678863708372772482956724451281      
   5.86510263383388519287109375000000000E-0002     9.65844595199260735255476615510794427E-0002
   5.96285434439778327941894531250000000E-0002     7.21049475178194247381384621567786635E-0002
   6.06060605496168136596679687500000000E-0002     4.75819172407227476131149652000062768E-0002
   6.15835776552557945251464843750000000E-0002     2.30301693370232245276379663138162335E-0002
   6.25610947608947753906250000000000000E-0002    -1.53547821263371100305357572687338940E-0003
   6.35386118665337562561035156250000000E-0002    -2.61001990385997087190230321591564216E-0002
   6.45161289721727371215820312500000000E-0002    -5.06491673305419412242700157569458877E-0002
   6.54936460778117179870605468750000000E-0002    -7.51675667854239738783324761795879346E-0002
   6.64711631834506988525390625000000000E-0002    -9.96405995497485937756560891374725662E-0002
   6.74486802890896797180175781250000000E-0002   -0.124053495150665589759116288852633550      
   6.84261973947286605834960937500000000E-0002   -0.148391519410554195870019314832761903      
   6.94037145003676414489746093750000000E-0002   -0.172639983339699884351135345969963539      
   7.03812316060066223144531250000000000E-0002   -0.196784252001698415272286090140981745      
   7.13587487116456031799316406250000000E-0002   -0.220809753346236510060337052490277588      
   7.23362658172845840454101562500000000E-0002   -0.244701987003918205752722024556915170      
   7.33137829229235649108886718750000000E-0002   -0.268446533037828853772415781803786763      
   7.42913000285625457763671875000000000E-0002   -0.292029060646554837617275109106879901      
   7.52688171342015266418457031250000000E-0002   -0.315435336813406382309079679635697228      
   7.62463342398405075073242187500000000E-0002   -0.338651234896623297074612689907585725      
   7.72238513454794883728027343750000000E-0002   -0.361662743155379111936586607373389730      
   7.82013684511184692382812500000000000E-0002   -0.384455973206437817178499497785393305      
   7.91788855567574501037597656250000000E-0002   -0.407017168406359268628431928751021484      
   8.01564026623964309692382812500000000E-0002   -0.429332712154194256121779841084641305      
   8.11339197680354118347167968750000000E-0002   -0.451389136109658220232213967342880432      
   8.21114368736743927001953125000000000E-0002   -0.473173128321823614441210637720548479      
   8.30889539793133735656738281250000000E-0002   -0.494671541263424915561441861634651426      
   8.40664710849523544311523437500000000E-0002   -0.515871399765927251843536291760630544      
   8.50439881905913352966308593750000000E-0002   -0.536759908850569511397553292152379891      
   8.60215052962303161621093750000000000E-0002   -0.557324461450655577201961154335657412      
   8.69990224018692970275878906250000000E-0002   -0.577552646020432971161490715337284138      
   8.79765395075082778930664062500000000E-0002   -0.597432254025966638796831939768507238      
   8.89540566131472587585449218750000000E-0002   -0.616951287313486826891918407772481721      
   8.99315737187862396240234375000000000E-0002   -0.636097965350763955803881714913146442      
   9.09090908244252204895019531250000000E-0002   -0.654860732337140021525189762712237864      
   9.18866079300642013549804687500000000E-0002   -0.673228264177925333725638542339044051      
   9.28641250357031822204589843750000000E-0002   -0.691189475318951257050383138615318848      
   9.38416421413421630859375000000000000E-0002   -0.708733525437154024502590683458916613      
   9.48191592469811439514160156250000000E-0002   -0.725849825983151582855798594723666683      
   9.57966763526201248168945312500000000E-0002   -0.742528046571864758279334958801233795      
   9.67741934582591056823730468750000000E-0002   -0.758758121217325741806971331407584968      
   9.77517105638980865478515625000000000E-0002   -0.774530254407910933582735019884934025      
   9.87292276695370674133300781250000000E-0002   -0.789834927018331495221954997199341793      
   9.97067447751760482788085937500000000E-0002   -0.804662902054813483002898246888944233      
  0.100684261880815029144287109375000000         -0.819005230230000111491897320630496654      
  0.101661778986454010009765625000000000         -0.832853255364211466840069752223343685      
  0.102639296092092990875244140625000000         -0.846198619609801789346921744503417120      
  0.103616813197731971740722656250000000         -0.859033268495461212714024760855286191      
  0.104594330303370952606201171875000000         -0.871349455787417518271818073698306264      
  0.105571847409009933471679687500000000         -0.883139748164603970767129346934857870      
  0.106549364514648914337158203125000000         -0.894397029704971581351952596633491843      
  0.107526881620287895202636718750000000         -0.905114506180238125450393178805855184      
  0.108504398725926876068115234375000000         -0.915285709156481859407677676339113646      
  0.109481915831565856933593750000000000         -0.924904499898105060463626929009345837      
  0.110459432937204837799072265625000000         -0.933965073072811188919711084487600955      
  0.111436950042843818664550781250000000         -0.942461960255359567758952830734786490      
  0.112414467148482799530029296875000000         -0.950390033227982920948452042991184438      
  0.113391984254121780395507812500000000         -0.957744507075475833907578324404066021      
  0.114369501359760761260986328125000000         -0.964520943073086124093035047307455980      
  0.115347018465399742126464843750000000         -0.970715251365466161541571533917871745      
  0.116324535571038722991943359375000000         -0.976323693435067283048196191604604917      
  0.117302052676677703857421875000000000         -0.981342884358487523333516781858109194      
  0.118279569782316684722900390625000000         -0.985769794849410865370540165364633722      
  0.119257086887955665588378906250000000         -0.989601753086905012758470235957822563      
  0.120234603993594646453857421875000000         -0.992836446327974231912266286992763854      
  0.121212121099233627319335937500000000         -0.995471922303394022696348380020766754      
  0.122189638204872608184814453125000000         -0.997506590395985174381299930992782229      
  0.123167155310511589050292968750000000         -0.998939222600616070501644902117892698      
  0.124144672416150569915771484375000000         -0.999768954265353842091822342156209560      
  0.125122189521789550781250000000000000         -0.999995284613317054368359623096740002      
  0.126099706627428531646728515625000000         -0.999618077044914967489919370016449050      
  0.127077223733067512512207031250000000         -0.998637559220290957681385980073863656      
  0.128054740838706493377685546875000000         -0.997054322921920340756760425947903619      
  0.129032257944345474243164062500000000         -0.994869323697445525855195104258717735      
  0.130009775049984455108642578125000000         -0.992083880282964062933747277619389749      
  0.130987292155623435974121093750000000         -0.988699673807117653188291033021646613      
  0.131964809261262416839599609375000000         -0.984718746776462487127955991639525626      
  0.132942326366901397705078125000000000         -0.980143501842733280662696789924756687      
  0.133919843472540378570556640625000000         -0.974976700352745015607359495380742969      
  0.134897360578179359436035156250000000         -0.969221460681807578011181425150680369      
  0.135874877683818340301513671875000000         -0.962881256351659146512333956652926514      
  0.136852394789457321166992187500000000         -0.955959913934054234634987733757552502      
  0.137829911895096302032470703125000000         -0.948461610741271657099933238711803958      
  0.138807429000735282897949218750000000         -0.940390872304936292731280088507836061      
  0.139784946106374263763427734375000000         -0.931752569644676277794327806892364218      
  0.140762463212013244628906250000000000         -0.922551916328264106484225452457535033      
  0.141739980317652225494384765625000000         -0.912794465325015963246666131740468989      
  0.142717497423291206359863281250000000         -0.902486105654348388696220399573971332      
  0.143695014528930187225341796875000000         -0.891633058831515011796943236917213010      
  0.144672531634569168090820312500000000         -0.880241875112668491067305655056398918      
  0.145650048740208148956298828125000000         -0.868319429541513922987820497326468418      
  0.146627565845847129821777343750000000         -0.855872917799939723426862005005686132      
  0.147605082951486110687255859375000000         -0.842909851865130295485539986507917038      
  0.148582600057125091552734375000000000         -0.829438055475781593292631724411879742      
  0.149560117162764072418212890625000000         -0.815465659410155905464272654225825386      
  0.150537634268403053283691406250000000         -0.801001096578825744643904096051076538      
  0.151515151374042034149169921875000000         -0.786053096935068572216153908213954921      
  0.152492668479681015014648437500000000         -0.770630682205984142442268616249048719      
  0.153470185585319995880126953125000000         -0.754743160447514451471651846455457029      
  0.154447702690958976745605468750000000         -0.738400120426652558640154845228698703      
  0.155425219796597957611083984375000000         -0.721611425834230846025517696330555919      
  0.156402736902236938476562500000000000         -0.704387209331781534445342298872773893      
  0.157380254007875919342041015625000000         -0.686737866436062418239810462364230457      
  0.158357771113514900207519531250000000         -0.668674049244938756838961857915457621      
  0.159335288219153881072998046875000000         -0.650206660008408009140413961676229267      
  0.160312805324792861938476562500000000         -0.631346844548647559330102896998909647      
  0.161290322430431842803955078125000000         -0.612105985533056703557457333977875223      
  0.162267839536070823669433593750000000         -0.592495695604352890832283021126866500      
  0.163245356641709804534912109375000000         -0.572527810371868485095009147324728899      
  0.164222873747348785400390625000000000         -0.552214381268278086555204684147563163      
  0.165200390852987766265869140625000000         -0.531567668276067668536113479823624738      
  0.166177907958626747131347656250000000         -0.510600132528135402186921324216007198      
  0.167155425064265727996826171875000000         -0.489324428786990008081521093403828890      
  0.168132942169904708862304687500000000         -0.467753397807085745063709306015501724      
  0.169110459275543689727783203125000000         -0.445900058584903678501787879143731258      
  0.170087976381182670593261718750000000         -0.423777600501456619811640386478620762      
  0.171065493486821651458740234375000000         -0.401399375361960055806799468601315199      
  0.172043010592460632324218750000000000         -0.378778889337473450950911547541302098      
  0.173020527698099613189697265625000000         -0.355929794813375470463870819855863056      
  0.173998044803738594055175781250000000         -0.332865882149592901759322363589102349      
  0.174975561909377574920654296875000000         -0.309601071357556311931412850843914853      
  0.175953079015016555786132812500000000         -0.286149403698905737817870851998823712      
  0.176930596120655536651611328125000000         -0.262525033211016932211487031188669292      
  0.177908113226294517517089843750000000         -0.238742218164462856569390932433579125      
  0.178885630331933498382568359375000000         -0.214815312457566190422735086127459159      
  0.179863147437572479248046875000000000         -0.190758756953236595825132902789774629      
  0.180840664543211460113525390625000000         -0.166587070763321308681136680237573635      
  0.181818181648850440979003906250000000         -0.142314842485729306642747113977419660      
  0.182795698754489421844482421875000000         -0.117956721399617806333544220462529227      
  0.183773215860128402709960937500000000          -9.35274086239551537537559986356197398E-0002
  0.184750732965767383575439453125000000          -6.90416482447962755591586647628820873E-0002
  0.185728250071406364440917968750000000          -4.45142184166257421515627107384631212E-0002
  0.186705767177045345306396484375000000          -1.99599224431391447719743591746004485E-0002
  0.187683284282684326171875000000000000           4.60642015715410139683714915761195488E-0003
  0.188660801388323307037353515625000000           2.91699825951142552235191904140926944E-0002
  0.189638318493962287902832031250000000           5.37159397595428693905917106054020468E-0002
  0.190615835599601268768310546875000000           7.82294771647417041893512265109015433E-0002
  0.191593352705240249633789062500000000          0.102695799891658718819726240076446987      
  0.192570869810879230499267578125000000          0.127100141517224794127718621731511430      
  0.193548386916518211364746093750000000          0.151427773026491968088015804582650454      
  0.194525904022157192230224609375000000          0.175664011702194345327466703896746486      
  0.195503421127796173095703125000000000          0.199794229986366468321634199337368920      
  0.196480938233435153961181640625000000          0.223803864308670802357519260560393737      
  0.197458455339074134826660156250000000          0.247678423876106078762406783475054523      
  0.198435972444713115692138671875000000          0.271403499418791549125024385166507771      
  0.199413489550352096557617187500000000          0.294964771886548713213368146847299393      
  0.200391006655991077423095703125000000          0.318348021091031779023781167536137030      
  0.201368523761630058288574218750000000          0.341539134288190976955588135450025130      
  0.202346040867269039154052734375000000          0.364524114695888861660294055860319899      
  0.203323557972908020019531250000000000          0.387289089941528872929606615420611543      
  0.204301075078547000885009765625000000          0.409820320434597667441072562432924992      
  0.205278592184185981750488281250000000          0.432104207659068050780092812980864521      
  0.206256109289824962615966796875000000          0.454127302380657706551479920510587640      
  0.207233626395463943481445312500000000          0.475876312763990307390850985609844079      
  0.208211143501102924346923828125000000          0.497338112394759970271258073190417118      
  0.209188660606741905212402343750000000          0.518499748202057352854457577667373796      
  0.210166177712380886077880859375000000          0.539348448276075944155490014669616028      
  0.211143694818019866943359375000000000          0.559871629576480245106516846926431914      
  0.212121211923658847808837890625000000          0.580056905526783524612178871052629167      
  0.213098729029297828674316406250000000          0.599892093490151634556442684139067350      
  0.214076246134936809539794921875000000          0.619365222122120931427670297327088591      
  0.215053763240575790405273437500000000          0.638464538595792639582566161894268359      
  0.216031280346214771270751953125000000          0.657178515695142956835279508654647012      
  0.217008797451853752136230468750000000          0.675495858772167800583351472773441089      
  0.217986314557492733001708984375000000          0.693405512563663274027044819848445978      
  0.218963831663131713867187500000000000          0.710896667863527647603087689253940192      
  0.219941348768770694732666015625000000          0.727958768046557849408705254697204605      
  0.220918865874409675598144531250000000          0.744581515439803087509061955113289325      
  0.221896382980048656463623046875000000          0.760754877537630232506066223425880748      
  0.222873900085687637329101562500000000          0.776469093056749915069838987299498815      
  0.223851417191326618194580078125000000          0.791714677827548883366235536204958831      
  0.224828934296965599060058593750000000          0.806482430518172961158495338237612940      
  0.225806451402604579925537109375000000          0.820763438187905889191056635570351399      
  0.226783968508243560791015625000000000          0.834549081666492359356303146489121918      
  0.227761485613882541656494140625000000          0.847831040756158600919579579364942753      
  0.228739002719521522521972656250000000          0.860601299253190887332399897314033196      
  0.229716519825160503387451171875000000          0.872852149786041236313930275662428993      
  0.230694036930799484252929687500000000          0.884576198467040309198463664390027467      
  0.231671554036438465118408203125000000          0.895766369354910011199643867797460220      
  0.232649071142077445983886718750000000          0.906415908725382484334931892661652344      
  0.233626588247716426849365234375000000          0.916518389147348000367860378586720151      
  0.234604105353355407714843750000000000          0.926067713362071632361549219055740484      
  0.235581622458994388580322265625000000          0.935058117963137439456431805971096028      
  0.236559139564633369445800781250000000          0.943484176874899168553714086339943453      
  0.237536656670272350311279296875000000          0.951340804627338086116472480501883396      
  0.238514173775911331176757812500000000          0.958623259425351429896183006893839260      
  0.239491690881550312042236328125000000          0.965327146010619039892828339572954306      
  0.240469207987189292907714843750000000          0.971448418314320915380551170330928636      
  0.241446725092828273773193359375000000          0.976983381899104674822337600296958531      
  0.242424242198467254638671875000000000          0.981928696188829091771478042979181079      
  0.243401759304106235504150390625000000          0.986281376484737965646428951711510158      
  0.244379276409745216369628906250000000          0.990038795766847484264191932386959258      
  0.245356793515384197235107421875000000          0.993198686279459867430241198465195007      
  0.246334310621023178100585937500000000          0.995759140899846369471920561257329165      
  0.247311827726662158966064453125000000          0.997718614289273584732622967473980142      
  0.248289344832301139831542968750000000          0.999075923825678364732914902911158464      
  0.249266861937940120697021484375000000          0.999830250317428439668130329400190515      
  0.250244379043579101562500000000000000          0.999981138497737960612840506009192661      
  0.251221896149218082427978515625000000          0.999528497299439562498967917801564171      
  0.252199413254857063293457031250000000          0.998472599909947111727197578772818200      
  0.253176930360496044158935546875000000          0.996814083606375966153094579561058163      
  0.254154447466135025024414062500000000          0.994553949370920259091902591583507628      
  0.255131964571774005889892578125000000          0.991693561286719342829230418744457594      
  0.256109481677412986755371093750000000          0.988234645714578010864837163041795443      
  0.257086998783051967620849609375000000          0.984179290251037381794163708095566152      
  0.258064515888690948486328125000000000          0.979529942468425291520608320697998909      
  0.259042032994329929351806640625000000          0.974289408437646624745281809001888825      
  0.260019550099968910217285156250000000          0.968460851034605141983642050304272639      
  0.260997067205607891082763671875000000          0.962047788031278945570533685539340146      
  0.261974584311246871948242187500000000          0.955054089972601698422040819285685585      
  0.262952101416885852813720703125000000          0.947483977840430984281820572227351297      
  0.263929618522524833679199218750000000          0.939342020506013699768515850355703046      
  0.264907135628163814544677734375000000          0.930633131972486019203499782725976946      
  0.265884652733802795410156250000000000          0.921362568409072195892203691786273532      
  0.266862169839441776275634765625000000          0.911535924978772181775313860902834979      
  0.267839686945080757141113281250000000          0.901159132461452685282105518151600471      
  0.268817204050719738006591796875000000          0.890238453674379769583052540601940966      
  0.269794721156358718872070312500000000          0.878780479692353345725967775704639257      
  0.270772238261997699737548828125000000          0.866792125869724863565053017676886189      
  0.271749755367636680603027343750000000          0.854280627666699074958064869345244209      
  0.272727272473275661468505859375000000          0.841253536282438866247018975807240703      
  0.273704789578914642333984375000000000          0.827718714097608759260692469354853813      
  0.274682306684553623199462890625000000          0.813684329929107691608448459010954219      
  0.275659823790192604064941406250000000          0.799158854099855038460449781163809761      
  0.276637340895831584930419921875000000          0.784151053326605460916946220651189028      
  0.277614858001470565795898437500000000          0.768669985428877993090035261681878416      
  0.278592375107109546661376953125000000          0.752724993862192744870027331934381682      
  0.279569892212748527526855468750000000          0.736325702078914634864105357101883697      
  0.280547409318387508392333984375000000          0.719482007720107614179392274973123581      
  0.281524926424026489257812500000000000          0.702204076641904833779715506974437325      
  0.282502443529665470123291015625000000          0.684502336780000084518920315469639000      
  0.283479960635304450988769531250000000          0.666387471855963539364071851752960122      
  0.284457477740943431854248046875000000          0.647870414929180292803118300347588512      
  0.285434994846582412719726562500000000          0.628962341798303365366255534110907996      
  0.286412511952221393585205078125000000          0.609674664256203665344673097106768538      
  0.287390029057860374450683593750000000          0.590019023202487820348492723226993903      
  0.288367546163499355316162109375000000          0.570007281617740754942122921103774581      
  0.289345063269138336181640625000000000          0.549651517403733345347411901778558345      
  0.290322580374777317047119140625000000          0.528964016093916377744541559987614430      
  0.291300097480416297912597656250000000          0.507957263438600324203811730351378656      
  0.292277614586055278778076171875000000          0.486643937869296082498617162911811981      
  0.293255131691694259643554687500000000          0.465036902846764757333893603755229853      
  0.294232648797333240509033203125000000          0.443149199097394746858101301220368434      
  0.295210165902972221374511718750000000          0.420994036742591797350110787061516782      
  0.296187683008611202239990234375000000          0.398584787325932260007099006698570107      
  0.297165200114250183105468750000000000          0.375934975742891487834502262342092630      
  0.298142717219889163970947265625000000          0.353058272078018110513281562408951106      
  0.299120234325528144836425781250000000          0.329968483354480785305114937310202077      
  0.300097751431167125701904296875000000          0.306679545200966908838741231997927995      
  0.301075268536806106567382812500000000          0.283205513440962656081211727948346537      
  0.302052785642445087432861328125000000          0.259560555609490558830764967839849466      
  0.303030302748084068298339843750000000          0.235758942402424618399935912549029606      
  0.304007819853723049163818359375000000          0.211815039063543639363921084888906214      
  0.304985336959362030029296875000000000          0.187743296714521048770741371344156297      
  0.305962854065001010894775390625000000          0.163558243633083905366807678631557935      
  0.306940371170639991760253906250000000          0.139274476484605085398063028606452645      
  0.307917888276278972625732421875000000          0.114906651512420736522981832497363909      
  0.308895405381917953491210937500000000           9.04694756921900023568543097301918701E-0002
  0.309872922487556934356689453125000000           6.59776978556357221221775495475519728E-0002
  0.310850439593195915222167968750000000           4.14460997890232897095998537681408425E-0002
  0.311827956698834896087646484375000000           1.68894873117501030043912873568725497E-0002
  0.312805473804473876953125000000000000          -7.67731865956996159707392699163996275E-0003
  0.313782990910112857818603515625000000          -3.22394910561338602127836676391604860E-0002
  0.314760508015751838684082031250000000          -5.67822056056897894404714821237575449E-0002
  0.315738025121390819549560546875000000          -8.12906497795897616555285336970697928E-0002
  0.316715542227029800415039062500000000         -0.105750031732754436709869744840800839      
  0.317693059332668781280517578125000000         -0.130145589231154576842354664398341738      
  0.318670576438307762145996093750000000         -0.154462598561421025838106478609113414      
  0.319648093543946743011474609375000000         -0.178686383417205899638170713865541899      
  0.320625610649585723876953125000000000         -0.202802323756931707192518838420167712      
  0.321603127755224704742431640625000000         -0.226795864627582388899793693032976388      
  0.322580644860863685607910156250000000         -0.250652524949210755064139399544908975      
  0.323558161966502666473388671875000000         -0.274357906254860516053337713104225165      
  0.324535679072141647338867187500000000         -0.297897701380628004953784538528275425      
  0.325513196177780628204345703125000000         -0.321257703100618786245838970320464379      
  0.326490713283419609069824218750000000         -0.344423812701587602205574743395108293      
  0.327468230389058589935302734375000000         -0.367382048492086512303291580541627190      
  0.328445747494697570800781250000000000         -0.390118554240985607844266628609167854      
  0.329423264600336551666259765625000000         -0.412619607540273310627003291604226638      
  0.330400781705975532531738281250000000         -0.434871628087088964751818019765232107      
  0.331378298811614513397216796875000000         -0.456861185879989177315966346334541924      
  0.332355815917253494262695312500000000         -0.478575009324501127160085526640485377      
  0.333333333022892475128173828125000000         -0.499999993243070809843183385514583440      
  0.334310850128531455993652343750000000         -0.521123206784571888576470708760642179      
  0.335288367234170436859130859375000000         -0.541931901228601440114778398354034619      
  0.336265884339809417724609375000000000         -0.562413517679852385001921162992860601      
  0.337243401445448398590087890625000000         -0.582555694647918734768088349707633697      
  0.338220918551087379455566406250000000         -0.602346275507958934642333100094607327      
  0.339198435656726360321044921875000000         -0.621773315837714487339084916445626166      
  0.340175952762365341186523437500000000         -0.640825090626455668105524856714238507      
  0.341153469868004322052001953125000000         -0.659490101351503438437632125728332160      
  0.342130986973643302917480468750000000         -0.677757082918056589034712126213077040      
  0.343108504079282283782958984375000000         -0.695615010458135643428362957865661618      
  0.344086021184921264648437500000000000         -0.713053105984540082499494261746705025      
  0.345063538290560245513916015625000000         -0.730060844895802955467845916697820865      
  0.346041055396199226379394531250000000         -0.746627962328216872089406186679719847      
  0.347018572501838207244873046875000000         -0.762744459351097669452291174829004068      
  0.347996089607477188110351562500000000         -0.778400609001546659215019166372806460      
  0.348973606713116168975830078125000000         -0.793586962155069230280222407900761710      
  0.349951123818755149841308593750000000         -0.808294353228506649277204978938255193      
  0.350928640924394130706787109375000000         -0.822513905711839107047176398724800966      
  0.351906158030033111572265625000000000         -0.836237037525521342503628471168256066      
  0.352883675135672092437744140625000000         -0.849455466200117473441569236942703205      
  0.353861192241311073303222656250000000         -0.862161213875108913541426125272595616      
  0.354838709346950054168701171875000000         -0.874346612113858391226831625222078189      
  0.355816226452589035034179687500000000         -0.886004306531824043321934889144948604      
  0.356793743558228015899658203125000000         -0.897127261235230267646096405325232144      
  0.357771260663866996765136718750000000         -0.907708763067516415756021365084782670      
  0.358748777769505977630615234375000000         -0.917742425661000420954274442947146753      
  0.359726294875144958496093750000000000         -0.927222193291312017409571400476039071      
  0.360703811980783939361572265625000000         -0.936142344532269242825570756131738151      
  0.361681329086422920227050781250000000         -0.944497495708992357707656664105416534      
  0.362658846192061901092529296875000000         -0.952282604147171086220592873580203780      
  0.363636363297700881958007812500000000         -0.959492971216524113409605657450102373      
  0.364613880403339862823486328125000000         -0.966124245166613986919933894547356682      
  0.365591397508978843688964843750000000         -0.972172423753305893327339583505287710      
  0.366568914614617824554443359375000000         -0.977633856654285134147580154156659183      
  0.367546431720256805419921875000000000         -0.982505247672175438266038856940889235      
  0.368523948825895786285400390625000000         -0.986783656723928439081806963263460108      
  0.369501465931534767150878906250000000         -0.990466501615283638724683824109893304      
  0.370478983037173748016357421875000000         -0.993551559599227900425632188585892793      
  0.371456500142812728881835937500000000         -0.996036968717513875210660175767387608      
  0.372434017248451709747314453125000000         -0.997921228924427701864252468864209187      
  0.373411534354090690612792968750000000         -0.999203202992127740548074132761026234      
  0.374389051459729671478271484375000000         -0.999882117197007931245525106120347846      
  0.375366568565368652343750000000000000         -0.999957561786671528767579502505814856      
  0.376344085671007633209228515625000000         -0.999429491227233376635913313046455330      
  0.377321602776646614074707031250000000         -0.998298224230801462840424203415377471      
  0.378299119882285594940185546875000000         -0.996564443563121171232032503810511408      
  0.379276636987924575805664062500000000         -0.994229195631498323085909293112671338      
  0.380254154093563556671142578125000000         -0.991293889853249714076750040831974697      
  0.381231671199202537536621093750000000         -0.987760297805062312510433720124551111      
  0.382209188304841518402099609375000000         -0.983630552153774515210004501724229670      
  0.383186705410480499267578125000000000         -0.978907145369224778151856965561862618      
  0.384164222516119480133056640625000000         -0.973592928219944470170777624847126430      
  0.385141739621758460998535156250000000         -0.967691108052602860415640989357475126      
  0.386119256727397441864013671875000000         -0.961205246856242664639598839851632848      
  0.387096773833036422729492187500000000         -0.954139259112474463078775146146631275      
  0.388074290938675403594970703125000000         -0.946497409432927485219282668286356518      
  0.389051808044314384460449218750000000         -0.938284309985382656206878564078453639      
  0.390029325149953365325927734375000000         -0.929504917710141338522470639327242145      
  0.391006842255592346191406250000000000         -0.920164531328309803855067064834845456      
  0.391984359361231327056884765625000000         -0.910268788143805057442580278960678064      
  0.392961876466870307922363281250000000         -0.899823660641012134723072191672574829      
  0.393939393572509288787841796875000000         -0.888835452880146322805203090574297860      
  0.394916910678148269653320312500000000         -0.877310796692495852590529462248703151      
  0.395894427783787250518798828125000000         -0.865256647677841387673588516248969245      
  0.396871944889426231384277343750000000         -0.852680281006468030512579250384868958      
  0.397849461995065212249755859375000000         -0.839589287028303502744534229094625794      
  0.398826979100704193115234375000000000         -0.825991566691832563734759519905410126      
  0.399804496206343173980712890625000000         -0.811895326775552539244502635627105318      
  0.400782013311982154846191406250000000         -0.797309074934847971182106243926736298      
  0.401759530417621135711669921875000000         -0.782241614567273801487271459580056874      
  0.402737047523260116577148437500000000         -0.766702039499346101049789808633662188      
  0.403714564628899097442626953125000000         -0.750699728498047082036436465912376019      
  0.404692081734538078308105468750000000         -0.734244339610356924074728345666481742      
  0.405669598840177059173583984375000000         -0.717345804334228737570109472948029639      
  0.406647115945816040039062500000000000         -0.700014321624524718370630334021321325      
  0.407624633051455020904541015625000000         -0.682260351737531155641570027602659647      
  0.408602150157094001770019531250000000         -0.664094609917767379054433980191632571      
  0.409579667262732982635498046875000000         -0.645528059930898913430844475358552313      
  0.410557184368371963500976562500000000         -0.626571907446657991365787663523874930      
  0.411534701474010944366455078125000000         -0.607237593275765101028184254859497542      
  0.412512218579649925231933593750000000         -0.587536786464933362663274219251344326      
  0.413489735685288906097412109375000000         -0.567481377254123180119053643531323099      
  0.414467252790927886962890625000000000         -0.547083469900297751293019582131355300      
  0.415444769896566867828369140625000000         -0.526355375372010593568851485077063031      
  0.416422287002205848693847656250000000         -0.505309603919234198456794659801751434      
  0.417399804107844829559326171875000000         -0.483958857522914226715494481277994644      
  0.418377321213483810424804687500000000         -0.462316022228806245772012313526003545      
  0.419354838319122791290283203125000000         -0.440394160370221851459386112031981776      
  0.420332355424761772155761718750000000         -0.418206502684378063805971305751090913      
  0.421309872530400753021240234375000000         -0.395766440327108101371881864923175895      
  0.422287389636039733886718750000000000         -0.373087516790752981678921591585280180      
  0.423264906741678714752197265625000000         -0.350183419730111829598419819155337905      
  0.424242423847317695617675781250000000         -0.327067972701384265878871031397611233      
  0.425219940952956676483154296875000000         -0.303755126819090760821555894468983200      
  0.426197458058595657348632812500000000         -0.280258952336006341753760636592402750      
  0.427174975164234638214111328125000000         -0.256593630151189507528347117551834560      
  0.428152492269873619079589843750000000         -0.232773443251231600751989793627283558      
  0.429130009375512599945068359375000000         -0.208812768089892192620243826448253295      
  0.430107526481151580810546875000000000         -0.184726065911323221790527791605447823      
  0.431085043586790561676025390625000000         -0.160527874022118675210494318802383796      
  0.432062560692429542541503906250000000         -0.136232797017457484690680190694247270      
  0.433040077798068523406982421875000000         -0.111855497966635019625891562517972813      
  0.434017594903707504272460937500000000          -8.74106895633030669074181610179020924E-0002
  0.434995112009346485137939453125000000          -6.29131252457594889347136545616327756E-0002
  0.435972629114985466003417968750000000          -3.83775902926468268752901664103874056E-0002
  0.436950146220624446868896484375000000          -1.38188928994339580255053939991288060E-0002
  0.437927663326263427734375000000000000           1.07481447589334856649023051472759065E-0002
  0.438905180431902408599853515625000000           3.53086954738198831252448069879168399E-0002
  0.439882697537541389465332031250000000           5.98479359517244267894976894211404179E-0002
  0.440860214643180370330810546875000000           8.43510557607429817720897760605668296E-0002
  0.441837731748819351196289062500000000          0.108803266269267447183553218633467084      
  0.442815248854458332061767578125000000          0.133189809571527750159594390544899086      
  0.443792765960097312927246093750000000          0.157495967394589544184627780033895483      
  0.444770283065736293792724609375000000          0.181707069981431875529181384859333763      
  0.445747800171375274658203125000000000          0.205808504944743518334860746218789361      
  0.446725317277014255523681640625000000          0.229785726086094351357604176884285695      
  0.447702834382653236389160156250000000          0.253624262175159046953713669731129773      
  0.448680351488292217254638671875000000          0.277309725683694452951066825617439764      
  0.449657868593931198120117187500000000          0.300827821468999356038602177453695074      
  0.450635385699570178985595703125000000          0.324164355401615804749137994328466968      
  0.451612902805209159851074218750000000          0.347305242932064822602211978639102225      
  0.452590419910848140716552734375000000          0.370236517591446137204265770484830985      
  0.453567937016487121582031250000000000          0.392944339420771466865722300000283453      
  0.454545454122126102447509765625000000          0.415415003323943918497526219569364085      
  0.455522971227765083312988281250000000          0.437634947339342133233920104032279942      
  0.456500488333404064178466796875000000          0.459590760825016941580833476007107503      
  0.457478005439043045043945312500000000          0.481269192552560428261115236520030304      
  0.458455522544682025909423828125000000          0.502657158704762426851310065064667983      
  0.459433039650321006774902343750000000          0.523741750772227532512645169364318156      
  0.460410556755959987640380859375000000          0.544510243344186702564824912792640624      
  0.461388073861598968505859375000000000          0.564950101788801372530338963581507099      
  0.462365590967237949371337890625000000          0.585048989818324711048441659258798869      
  0.463343108072876930236816406250000000          0.604794776934554130468139518299650667      
  0.464320625178515911102294921875000000          0.624175545750081419036324504798270383      
  0.465298142284154891967773437500000000          0.643179599180921821795331767580116144      
  0.466275659389793872833251953125000000          0.661795467506181025351543464062427127      
  0.467253176495432853698730468750000000          0.680011915290499249721514072661737293      
  0.468230693601071834564208984375000000          0.697817948165094470071491132028801572      
  0.469208210706710815429687500000000000          0.715202819463312132355138431633456047      
  0.470185727812349796295166015625000000          0.732156036706676538115850092526825830      
  0.471163244917988777160644531250000000          0.748667367937529302056597966686353298      
  0.472140762023627758026123046875000000          0.764726847894432876935302323942651491      
  0.473118279129266738891601562500000000          0.780324784026612038034841296232098188      
  0.474095796234905719757080078125000000          0.795451762343803366609393168049697723      
  0.475073313340544700622558593750000000          0.810098653097982109690570817562701600      
  0.476050830446183681488037109375000000          0.824256616293537262493238185623469194      
  0.477028347551822662353515625000000000          0.837917107022569258151403620745421529      
  0.478005864657461643218994140625000000          0.851071880622090195149464830903514958      
  0.478983381763100624084472656250000000          0.863712997650014021892242035648006430      
  0.479960898868739604949951171875000000          0.875832828676933465504639582455021846      
  0.480938415974378585815429687500000000          0.887424058890791672160588485235451949      
  0.481915933080017566680908203125000000          0.898479692511669451909355082037220421      
  0.482893450185656547546386718750000000          0.908993057014023623940110284820959255      
  0.483870967291295528411865234375000000          0.918957807153828169335274136368646794      
  0.484848484396934509277343750000000000          0.928367928798187647471439910739199322      
  0.485826001502573490142822265625000000          0.937217742555111548267254217791797871      
  0.486803518608212471008300781250000000          0.945501907201258863498744494599140275      
  0.487781035713851451873779296875000000          0.953215422905584093610575262386596348      
  0.488758552819490432739257812500000000          0.960353634246939088254918297801066622      
  0.489736069925129413604736328125000000          0.966912233023809474842800005559514773      
  0.490713587030768394470214843750000000          0.972887260854489884641994654923043691      
  0.491691104136407375335693359375000000          0.978275111566128664683408015870693190      
  0.492668621242046356201171875000000000          0.983072533371200189609374466207254069      
  0.493646138347685337066650390625000000          0.987276630830091183705664230078775692      
  0.494623655453324317932128906250000000          0.990884866598616552272335004418950244      
  0.495601172558963298797607421875000000          0.993895062959410025296442673313395489      
  0.496578689664602279663085937500000000          0.996305403136265356750159944401725206      
  0.497556206770241260528564453125000000          0.998114432390634821024964935645574757      
  0.498533723875880241394042968750000000          0.999321058899623224963508285727387240      
  0.499511240981519222259521484375000000          0.999924554414947530313848058723704669      
  0.500488758087158203125000000000000000          0.999924554702464377613195861316332450      
  0.501466275192797183990478515625000000          0.999321059762000238724360458015059959      
  0.502443792298436164855957031250000000          0.998114433827351521567051970904814714      
  0.503421309404075145721435546875000000          0.996305405146454626980837052744555615      
  0.504398826509714126586914062500000000          0.993895065541858634051200874136550086      
  0.505376343615353107452392578125000000          0.990884869751765886549262992229784761      
  0.506353860720992088317871093750000000          0.987276634552038189351927668405904578      
  0.507331377826631069183349609375000000          0.983072537659698519891970074803794698      
  0.508308894932270050048828125000000000          0.978275116418590036050983182740454956      
  0.509286412037909030914306640625000000          0.972887266267985638859475051072770987      
  0.510263929143548011779785156250000000          0.966912238995072346556013278521700888      
  0.511241446249186992645263671875000000          0.960353640772365176918416543540553953      
  0.512218963354825973510742187500000000          0.953215429981235038588517454428758243      
  0.513196480460464954376220703125000000          0.945501914822864221026076825733380721      
  0.514173997566103935241699218750000000          0.937217750718071368836595391625183772      
  0.515151514671742916107177734375000000          0.928367937497575252090113337626422352      
  0.516129031777381896972656250000000000          0.918957816384393122976902748184446788      
  0.517106548883020877838134765625000000          0.908993066770194904396174726398055374      
  0.518084065988659858703613281250000000          0.898479702787558812128184194244352431      
  0.519061583094298839569091796875000000          0.887424069680197194044473442290645940      
  0.520039100199937820434570312500000000          0.875832839973343303020210264171658774      
  0.521016617305576801300048828125000000          0.863713009446610331234985944709757825      
  0.521994134411215782165527343750000000          0.851071892911753249590374065482447908      
  0.522971651516854763031005859375000000          0.837917119797881745082272220429092902      
  0.523949168622493743896484375000000000          0.824256629546788760077167856281693411      
  0.524926685728132724761962890625000000          0.810098666821173740415843976407807246      
  0.525904202833771705627441406250000000          0.795451776528652624938103856979365611      
  0.526881719939410686492919921875000000          0.780324798664557789232601228668799770      
  0.527859237045049667358398437500000000          0.764726862976640524065024573807418727      
  0.528836754150688648223876953125000000          0.748667383454896118017866932534121250      
  0.529814271256327629089355468750000000          0.732156052649837159511774630916922235      
  0.530791788361966609954833984375000000          0.715202835822644211870915571256832221      
  0.531769305467605590820312500000000000          0.697817964930724483953239501477264887      
  0.532746822573244571685791015625000000          0.680011932452308456850326839709559483      
  0.533724339678883552551269531250000000          0.661795485053811574316216689986708799      
  0.534701856784522533416748046875000000          0.643179617103783002277900846667870340      
  0.535679373890161514282226562500000000          0.624175564037356053737442696987758137      
  0.536656890995800495147705078125000000          0.604794795575205103714511059474034775      
  0.537634408101439476013183593750000000          0.585049008801101630142028742298548661      
  0.538611925207078456878662109375000000          0.564950121102247357818946811891858804      
  0.539589442312717437744140625000000000          0.544510262976645302135980569365032769      
  0.540566959418356418609619140625000000          0.523741770711849757337470386742136198      
  0.541544476523995399475097656250000000          0.502657178939513902132392200325743002      
  0.542521993629634380340576171875000000          0.481269213070228656668246205850840087      
  0.543499510735273361206054687500000000          0.459590781613218673990957934263592114      
  0.544477027840912342071533203125000000          0.437634968385530842526750842296740740      
  0.545454544946551322937011718750000000          0.415415024615417371896086477761561899      
  0.546432062052190303802490234375000000          0.392944360944679392251598811290366125      
  0.547409579157829284667968750000000000          0.370236539334797978780638785704359686      
  0.548387096263468265533447265625000000          0.347305264881737581223803493458717694      
  0.549364613369107246398925781250000000          0.324164377544361958187119465617608834      
  0.550342130474746227264404296875000000          0.300827843791454854400259008853798545      
  0.551319647580385208129882812500000000          0.277309748172386784428657943169559744      
  0.552297164686024188995361328125000000          0.253624284816515369034517972382833965      
  0.553274681791663169860839843750000000          0.229785748866449682587637152073542778      
  0.554252198897302150726318359375000000          0.205808527850348985692197932481487090      
  0.555229716002941131591796875000000000          0.181707092998463012429262698899794792      
  0.556207233108580112457275390625000000          0.157495990509154634109358261370376787      
  0.557184750214219093322753906250000000          0.133189832769676210874521095973488520      
  0.558162267319858074188232421875000000          0.108803289536998250482901440334306971      
  0.559139784425497055053710937500000000           8.43510790840131036699992458714909491E-0002
  0.560117301531136035919189453125000000           5.98479593164573230574239090552248178E-0002
  0.561094818636775016784667968750000000           3.53087188659139850601932001501081272E-0002
  0.562072335742413997650146484375000000           1.07481681642707109609527552421343001E-0002
  0.563049852848052978515625000000000000          -1.38188694949796844390415082690462694E-0002
  0.564027369953691959381103515625000000          -3.83775669032010471717535942311987704E-0002
  0.565004887059330940246582031250000000          -6.29131018854386870496061677536551043E-0002
  0.565982404164969921112060546875000000          -8.74106662462061486649272191522439718E-0002
  0.566959921270608901977539062500000000         -0.111855474706834803474521680350894060      
  0.567937438376247882843017578125000000         -0.136232773828992208183678911519615611      
  0.568914955481886863708496093750000000         -0.160527850918983522357258071983948693      
  0.569892472587525844573974609375000000         -0.184726042907461876392576425441552956      
  0.570869989693164825439453125000000000         -0.208812745199188422689669861135413279      
  0.571847506798803806304931640625000000         -0.232773420487500879091528898602539406      
  0.572825023904442787170410156250000000         -0.256593607528170673530391305054275587      
  0.573802541010081768035888671875000000         -0.280258929867353309450758351176348500      
  0.574780058115720748901367187500000000         -0.303755104518364278192328580897031635      
  0.575757575221359729766845703125000000         -0.327067950582043730384440728438343283      
  0.576735092326998710632324218750000000         -0.350183397805507164887005524862511872      
  0.577712609432637691497802734375000000         -0.373087495074116580362844058886158400      
  0.578690126538276672363281250000000000         -0.395766418831546838739239396363416556      
  0.579667643643915653228759765625000000         -0.418206481422865387287137090481712883      
  0.580645160749554634094238281250000000         -0.440394139355589950622656525382875336      
  0.581622677855193614959716796875000000         -0.462316001473738307574132974351714178      
  0.582600194960832595825195312500000000         -0.483958837039936780681336068350301161      
  0.583577712066471576690673828125000000         -0.505309583720709556408174580925621181      
  0.584555229172110557556152343750000000         -0.526355355470129388465433229044416545      
  0.585532746277749538421630859375000000         -0.547083450307071579688403404709893313      
  0.586510263383388519287109375000000000         -0.567481357981377352672636247122753894      
  0.587487780489027500152587890625000000         -0.587536767524299767083239024664710119      
  0.588465297594666481018066406250000000         -0.607237574678675181753127093382236766      
  0.589442814700305461883544921875000000         -0.626571889204335850222026192462584175      
  0.590420331805944442749023437500000000         -0.645528042054354535429445863848005870      
  0.591397848911583423614501953125000000         -0.664094592417789987416468491112599233      
  0.592375366017222404479980468750000000         -0.682260334624682700062103619481885011      
  0.593352883122861385345458984375000000         -0.700014304909133500451554396671930884      
  0.594330400228500366210937500000000000         -0.717345788026383177269118826082006980      
  0.595307917334139347076416015625000000         -0.734244323719899470932649636092571427      
  0.596285434439778327941894531250000000         -0.750699713034568274857729462969616979      
  0.597262951545417308807373046875000000         -0.766702024472178779621446556374889466      
  0.598240468651056289672851562500000000         -0.782241599985487473829576873679388059      
  0.599217985756695270538330078125000000         -0.797309060807243339730853923067783759      
  0.600195502862334251403808593750000000         -0.811895313110656189268338045496146133      
  0.601173019967973232269287109375000000         -0.825991553497891817193407195468487938      
  0.602150537073612213134765625000000000         -0.839589274313281440693815323582694323      
  0.603128054179251194000244140625000000         -0.852680268778038687060400901083125848      
  0.604105571284890174865722656250000000         -0.865256635943385118387548492884049769      
  0.605083088390529155731201171875000000         -0.877310785459094880152490902896430754      
  0.606060605496168136596679687500000000         -0.888835442154580462601218358569876912      
  0.607038122601807117462158203125000000         -0.899823650429754702948436569233101779      
  0.608015639707446098327636718750000000         -0.910268778453018964191640892638111927      
  0.608993156813085079193115234375000000         -0.920164522163843833553766597732320639      
  0.609970673918724060058593750000000000         -0.929504909077526619948536408048272233      
  0.610948191024363040924072265625000000         -0.938284301889829324228143666373735127      
  0.611925708130002021789550781250000000         -0.946497401879321536264916199787476755      
  0.612903225235641002655029296875000000         -0.954139252105374806241272776955112203      
  0.613880742341279983520507812500000000         -0.961205240399878370187313903516125309      
  0.614858259446918964385986328125000000         -0.967691102150870607376490928666322270      
  0.615835776552557945251464843750000000         -0.973592922876406194527613069938029457      
  0.616813293658196926116943359375000000         -0.978907140587105523068903404060325239      
  0.617790810763835906982421875000000000         -0.983630547935960484587852513063324657      
  0.618768327869474887847900390625000000         -0.987760294154099129044336679002117769      
  0.619745844975113868713378906250000000         -0.991293886771340882869562112679916026      
  0.620723362080752849578857421875000000         -0.994229193120503901742935940158240903      
  0.621700879186391830444335937500000000         -0.996564441624556647240445469433042162      
  0.622678396292030811309814453125000000         -0.998298222865836838910788258445026539      
  0.623655913397669792175292968750000000         -0.999429490436692464557858436190594173      
  0.624633430503308773040771484375000000         -0.999957561571031452205805380804433086      
  0.625610947608947753906250000000000000         -0.999882117556398837776220833889574468      
  0.626588464714586734771728515625000000         -0.999203203926332723109550867792397917      
  0.627565981820225715637207031250000000         -0.997921230432882929669196790924024477      
  0.628543498925864696502685546875000000         -0.996036970799308934040997266210615926      
  0.629521016031503677368164062500000000         -0.993551562253106342104617009956694496      
  0.630498533137142658233642578125000000         -0.990466504839643739434591494959281933      
  0.631476050242781639099121093750000000         -0.986783660516824166069546691274739739      
  0.632453567348420619964599609375000000         -0.982505252031317624353245187216385380      
  0.633431084454059600830078125000000000         -0.977633861577042859336316816872495897      
  0.634408601559698581695556640625000000         -0.972172429236708072667560581245122209      
  0.635386118665337562561035156250000000         -0.966124251207351163680359091429585805      
  0.636363635770976543426513671875000000         -0.959492977810950456469759152873201962      
  0.637341152876615524291992187500000000         -0.952282611291306590478496647147396029      
  0.638318669982254505157470703125000000         -0.944497503398525246175143754950013589      
  0.639296187087893486022949218750000000         -0.936142352762558568961455540225562695      
  0.640273704193532466888427734375000000         -0.927222202057390466120062820590442664      
  0.641251221299171447753906250000000000         -0.917742434957577306570114266681751231      
  0.642228738404810428619384765625000000         -0.907708772888980875176946063601597952      
  0.643206255510449409484863281250000000         -0.897127271575654646725429810152997602      
  0.644183772616088390350341796875000000         -0.886004317384967474447490488583077643      
  0.645161289721727371215820312500000000         -0.874346623473170559938908595406029130      
  0.646138806827366352081298828125000000         -0.862161225733734011914591599308137107      
  0.647116323933005332946777343750000000         -0.849455478550898337844199757601636815      
  0.648093841038644313812255859375000000         -0.836237050361003773237904079310559679      
  0.649071358144283294677734375000000000         -0.822513919024276367262448542582126839      
  0.650048875249922275543212890625000000         -0.808294367009864140441460640698973252      
  0.651026392355561256408691406250000000         -0.793586976397029341387806836056678139      
  0.652003909461200237274169921875000000         -0.778400623695513786803922688330768873      
  0.652981426566839218139648437500000000         -0.762744474488203405401215029778604332      
  0.653958943672478199005126953125000000         -0.746627977899325356063560382981003957      
  0.654936460778117179870605468750000000         -0.730060860891516388783059896816205146      
  0.655913977883756160736083984375000000         -0.713053122395204400076798626202307848      
  0.656891494989395141601562500000000000         -0.695615027273846340415786456250004331      
  0.657869012095034122467041015625000000         -0.677757100128664698579690154322000568      
  0.658846529200673103332519531250000000         -0.659490118946621657002197412570505593      
  0.659824046306312084197998046875000000         -0.640825108595464624627402941920827541      
  0.660801563411951065063476562500000000         -0.621773334169769152455000151576742489      
  0.661779080517590045928955078125000000         -0.602346294191995166105297654030061948      
  0.662756597623229026794433593750000000         -0.582555713672659955108248077987460535      
  0.663734114728868007659912109375000000         -0.562413537033816387400717823855029552      
  0.664711631834506988525390625000000000         -0.541931920900107318384805735532707903      
  0.665689148940145969390869140625000000         -0.521123226761747087064499076027059844      
  0.666666666045784950256347656250000000         -0.500000013513858289001449067384325831      
  0.667644183151423931121826171875000000         -0.478575029876666640461130397022991174      
  0.668621700257062911987304687500000000         -0.456861206701128655119113135653347575      
  0.669599217362701892852783203125000000         -0.434871649164636000664816789393739010      
  0.670576734468340873718261718750000000         -0.412619628861506745844524700699949712      
  0.671554251573979854583740234375000000         -0.390118575793037208885784557629233211      
  0.672531768679618835449218750000000000         -0.367382070261948737516527337072219239      
  0.673509285785257816314697265625000000         -0.344423834676121452348101441224785463      
  0.674486802890896797180175781250000000         -0.321257725266561734406700075804058259      
  0.675464319996535778045654296875000000         -0.297897723724602001029095645657224536      
  0.676441837102174758911132812500000000         -0.274357928763380060944844240829296456      
  0.677419354207813739776611328125000000         -0.250652547608691039727622258930648341      
  0.678396871313452720642089843750000000         -0.226795887424347493331075445144848192      
  0.679374388419091701507568359375000000         -0.202802346677222854402648078755174636      
  0.680351905524730682373046875000000000         -0.178686406447189759636174208592365029      
  0.681329422630369663238525390625000000         -0.154462621687198064609516972322448985      
  0.682306939736008644104003906250000000         -0.130145612438767445284565494343353718      
  0.683284456841647624969482421875000000         -0.105750055008196394461251822853980106      
  0.684261973947286605834960937500000000          -8.12906731088131307341854491711360901E-0002
  0.685239491052925586700439453125000000          -5.67822289746144325905171475889546092E-0002
  0.686217008158564567565917968750000000          -3.22395144506556788411149315635525588E-0002
  0.687194525264203548431396484375000000          -7.67734206556940817178691613680719513E-0003
  0.688172042369842529296875000000000000           1.68894639083995032315205251689048478E-0002
  0.689149559475481510162353515625000000           4.14460764024464127997772884964374801E-0002
  0.690127076581120491027832031250000000           6.59776744999473205111258892753143255E-0002
  0.691104593686759471893310546875000000           9.04694523814861860263683623482833051E-0002
  0.692082110792398452758789062500000000          0.114906628260770465423964722051790354      
  0.693059627898037433624267578125000000          0.139274453306041678259712752301317936      
  0.694037145003676414489746093750000000          0.163558220541596570016733780811353139      
  0.695014662109315395355224609375000000          0.187743273724046439077808787618831395      
  0.695992179214954376220703125000000000          0.211815016187957443899550308514514431      
  0.696969696320593357086181640625000000          0.235758919655533185894445253869304508      
  0.697947213426232337951660156250000000          0.259560533005022565479133369840562402      
  0.698924730531871318817138671875000000          0.283205490992560819727382769792334269      
  0.699902247637510299682617187500000000          0.306679522922179755039295841924893600      
  0.700879764743149280548095703125000000          0.329968461258754470241829022547228037      
  0.701857281848788261413574218750000000          0.353058250178688305689774144399335303      
  0.702834798954427242279052734375000000          0.375934954053175331454890488518925350      
  0.703812316060066223144531250000000000          0.398584765858920379894331100767961628      
  0.704789833165705204010009765625000000          0.420994015511240410218470888003138573      
  0.705767350271344184875488281250000000          0.443149178114517838708297286106987657      
  0.706744867376983165740966796875000000          0.465036882125026349690178203919650678      
  0.707722384482622146606445312500000000          0.486643917421202589155583516778954455      
  0.708699901588261127471923828125000000          0.507957243276493003095878238348806280      
  0.709677418693900108337402343750000000          0.528963996229963882493730486535035640      
  0.710654935799539089202880859375000000          0.549651497849924380984866255964622430      
  0.711632452905178070068359375000000000          0.570007262385876842235933050246811109      
  0.712609970010817050933837890625000000          0.590019004304176173104855718562353362      
  0.713587487116456031799316406250000000          0.609674645702850184981224099439193523      
  0.714565004222095012664794921875000000          0.628962323601105756985631491246010442      
  0.715542521327733993530273437500000000          0.647870397099121306921484385203797556      
  0.716520038433372974395751953125000000          0.666387454403804343373502858105094720      
  0.717497555539011955261230468750000000          0.684502319716273767884229678546810484      
  0.718475072644650936126708984375000000          0.702204059976910050889610405670609380      
  0.719452589750289916992187500000000000          0.719481991463902368688753275532365654      
  0.720430106855928897857666015625000000          0.736325686241310209278793396976856870      
  0.721407623961567878723144531250000000          0.752724978452747779037961056848283560      
  0.722385141067206859588623046875000000          0.768669970456892715172410725004848950      
  0.723362658172845840454101562500000000          0.784151038801116074321442972846212850      
  0.724340175278484821319580078125000000          0.799158840029628268124137960902509048      
  0.725317692384123802185058593750000000          0.813684316322635492921937457545895545      
  0.726295209489762783050537109375000000          0.827718700963103192826901120815522385      
  0.727272726595401763916015625000000000          0.841253523627827141567859272196459713      
  0.728250243701040744781494140625000000          0.854280615499618766040376317311474312      
  0.729227760806679725646972656250000000          0.866792114197519299333364478552610223      
  0.730205277912318706512451171875000000          0.878780468522067178024160584387695213      
  0.731182795017957687377929687500000000          0.890238443012754721439816558003987715      
  0.732160312123596668243408203125000000          0.901159122314923482006283224936896791      
  0.733137829229235649108886718750000000          0.911535915353462667336882310242030573      
  0.734115346334874629974365234375000000          0.921362559310791636932816703734500343      
  0.735092863440513610839843750000000000          0.930633123406725598907270675017506963      
  0.736070380546152591705322265625000000          0.939342012477943203709132606104893054      
  0.737047897651791572570800781250000000          0.947483970354895680246219803004342571      
  0.738025414757430553436279296875000000          0.955054083034119412093794121872914390      
  0.739002931863069534301757812500000000          0.962047781644037333837890670554276220      
  0.739980448968708515167236328125000000          0.968460845202459165517899784938098306      
  0.740957966074347496032714843750000000          0.974289403164116221374882651417405875      
  0.741935483179986476898193359375000000          0.979529937756693251805179716651295639      
  0.742913000285625457763671875000000000          0.984179286103947428080677613238420959      
  0.743890517391264438629150390625000000          0.988234642134633080985257000769838597      
  0.744868034496903419494628906250000000          0.991693558276080079475504004072060198      
  0.745845551602542400360107421875000000          0.994553946931403705780024789355554144      
  0.746823068708181381225585937500000000          0.996814081739454470563278540682815595      
  0.747800585813820362091064453125000000          0.998472598616747437082033463486509015      
  0.748778102919459342956542968750000000          0.999528496580742207515888609484335170      
  0.749755620025098323822021484375000000          0.999981138353976688441330722731303047      
  0.750733137130737304687500000000000000          0.999830250748690016095984729144273240      
  0.751710654236376285552978515625000000          0.999075924831702505819548376999363681      
  0.752688171342015266418457031250000000          0.997718615869453113901038554027287826      
  0.753665688447654247283935546875000000          0.995759143053227583964523572622374961      
  0.754643205553293228149414062500000000          0.993198689004743113907328541203303773      
  0.755620722658932209014892578125000000          0.990038799062387943197719468806286506      
  0.756598239764571189880371093750000000          0.986281380348546644035643290650742822      
  0.757575756870210170745849609375000000          0.981928700618574023581268410691239993      
  0.758553273975849151611328125000000000          0.976983386892112328419794313458352148      
  0.759530791081488132476806640625000000          0.971448423867577807120285377796395023      
  0.760508308187127113342285156250000000          0.965327152120773552877188518973059381      
  0.761485825292766094207763671875000000          0.958623266088715836812672288582316226      
  0.762463342398405075073242187500000000          0.951340811839890774931501962005460579      
  0.763440859504044055938720703125000000          0.943484184632287069719395232803661882      
  0.764418376609683036804199218750000000          0.935058126260678653165489698870099711      
  0.765395893715322017669677734375000000          0.926067722194758254264701220092404833      
  0.766373410820960998535156250000000000          0.916518398509849144048224588028680881      
  0.767350927926599979400634765625000000          0.906415918612047498715278893627578651      
  0.768328445032238960266113281250000000          0.895766379759771890940655331164605792      
  0.769305962137877941131591796875000000          0.884576209383819296029683449601153450      
  0.770283479243516921997070312500000000          0.872852161208148609123857999934020058      
  0.771260996349155902862548828125000000          0.860601311173732938730253109012471449      
  0.772238513454794883728027343750000000          0.847831053167940797868707418301854366      
  0.773216030560433864593505859375000000          0.834549094562023685368139629032079839      
  0.774193547666072845458984375000000000          0.820763451559403365458922515977571399      
  0.775171064771711826324462890625000000          0.806482444357566343902560005010918195      
  0.776148581877350807189941406250000000          0.791714692126485534554599784403156200      
  0.777126098982989788055419921875000000          0.776469107806599843576059951597368032      
  0.778103616088628768920898437500000000          0.760754892729491302660580416479703163      
  0.779081133194267749786376953125000000          0.744581531064506391900933314928116328      
  0.780058650299906730651855468750000000          0.727958784094673242694993338328193258      
  0.781036167405545711517333984375000000          0.710896684325369437985956488375923469      
  0.782013684511184692382812500000000000          0.693405529429296068963573765363913850      
  0.782991201616823673248291015625000000          0.675495876031412503199924472979359768      
  0.783968718722462654113769531250000000          0.657178533337582909427471509581080727      
  0.784946235828101634979248046875000000          0.638464556610779910492674625130929118      
  0.785923752933740615844726562500000000          0.619365240498782741505504737544611527      
  0.786901270039379596710205078125000000          0.599892112217396919324741222539062850      
  0.787878787145018577575683593750000000          0.580056924593309628176117486944653490      
  0.788856304250657558441162109375000000          0.559871648970779741767264079495309710      
  0.789833821356296539306640625000000000          0.539348467986443583610685270057615365      
  0.790811338461935520172119140625000000          0.518499768216597124793901450413486706      
  0.791788855567574501037597656250000000          0.497338132701392284104043213795664660      
  0.792766372673213481903076171875000000          0.475876333350459282770675528606394338      
  0.793743889778852462768554687500000000          0.454127323234538570300014267849180995      
  0.794721406884491443634033203125000000          0.432104228767774635744055005322442168      
  0.795698923990130424499511718750000000          0.409820341785390008757146322745825934      
  0.796676441095769405364990234375000000          0.387289111521520897112546545664898539      
  0.797653958201408386230468750000000000          0.364524136492056163873539890407931551      
  0.798631475307047367095947265625000000          0.341539156287378681770488216152398992      
  0.799608992412686347961425781250000000          0.318348043279962479923136526498503107      
  0.800586509518325328826904296875000000          0.294964794251830486047483175682999928      
  0.801564026623964309692382812500000000          0.271403521946926034683816717305977183      
  0.802541543729603290557861328125000000          0.247678446553496629585414657039948149      
  0.803519060835242271423339843750000000          0.223803887121630688864874439699798294      
  0.804496577940881252288818359375000000          0.199794252921127139313265911149901900      
  0.805474095046520233154296875000000000          0.175664034744913737864988604470648213      
  0.806451612152159214019775390625000000          0.151427796163262861743943525526520677      
  0.807429129257798194885253906250000000          0.127100164734083204559887956048825565      
  0.808406646363437175750732421875000000          0.102695823174592325605047664665811339      
  0.809384163469076156616210937500000000           7.82295004996983078303595526057250074E-0002
  0.810361680574715137481689453125000000           5.37159631324388723906426824569085392E-0002
  0.811339197680354118347167968750000000           2.91700059918431621119584429951003671E-0002
  0.812316714785993099212646484375000000           4.60644356359503257402985490149217178E-0003
  0.813294231891632080078125000000000000          -1.99598990411129305082056738404158559E-0002
  0.814271748997271060943603515625000000          -4.45141950331383215417842820096318358E-0002
  0.815249266102910041809082031250000000          -6.90416248939605364262828000229393657E-0002
  0.816226783208549022674560546875000000          -9.35273853198642772999662751107293030E-0002
  0.817204300314188003540039062500000000         -0.117956698156336761330969580720405785      
  0.818181817419826984405517578125000000         -0.142314819317286360651487502748900833      
  0.819159334525465965270996093750000000         -0.166587047683699561417966166310227750      
  0.820136851631104946136474609375000000         -0.190758733976365539792837392948288010      
  0.821114368736743927001953125000000000         -0.214815289597313303893588833933245355      
  0.822091885842382907867431640625000000         -0.238742195434625233996749003044482770      
  0.823069402948021888732910156250000000         -0.262525010625312957120881489784311369      
  0.824046920053660869598388671875000000         -0.286149381270966803203360331317976170      
  0.825024437159299850463867187500000000         -0.309601049100918593154263796502863981      
  0.826001954264938831329345703125000000         -0.332865860077689186914412958567042781      
  0.826979471370577812194824218750000000         -0.355929772939527053144524476380268515      
  0.827956988476216793060302734375000000         -0.378778867674882090305206858859214419      
  0.828934505581855773925781250000000000         -0.401399353923700008737790364124055359      
  0.829912022687494754791259765625000000         -0.423777579300466750130378443228442623      
  0.830889539793133735656738281250000000         -0.445900037633979647795594589556923953      
  0.831867056898772716522216796875000000         -0.467753377118872289992827617906789879      
  0.832844574004411697387695312500000000         -0.489324408373973308765112487987216309      
  0.833822091110050678253173828125000000         -0.510600112402635546284398565034375936      
  0.834799608215689659118652343750000000         -0.531567648450231215572043129600648095      
  0.835777125321328639984130859375000000         -0.552214361754070736975512406062761003      
  0.836754642426967620849609375000000000         -0.572527791181067858479011196894000009      
  0.837732159532606601715087890625000000         -0.592495676748541417619187344322990232      
  0.838709676638245582580566406250000000         -0.612105967023614634577467077708006464      
  0.839687193743884563446044921875000000         -0.631346826396746097359155258514454706      
  0.840664710849523544311523437500000000         -0.650206642225002566623941065600234889      
  0.841642227955162525177001953125000000         -0.668674031840762343853912201840277704      
  0.842619745060801506042480468750000000         -0.686737849421619164685565372908940526      
  0.843597262166440486907958984375000000         -0.704387192717340350373149230473343881      
  0.844574779272079467773437500000000000         -0.721611409629819223932689979278515465      
  0.845552296377718448638916015625000000         -0.738400104642050521469605966112402986      
  0.846529813483357429504394531250000000         -0.754743145092248649969393235484184237      
  0.847507330588996410369873046875000000         -0.770630667289322105435356296790623811      
  0.848484847694635391235351562500000000         -0.786053082466013113281275639600054179      
  0.849462364800274372100830078125000000         -0.801001082566109528542410514325506646      
  0.850439881905913352966308593750000000         -0.815465645862236177623030354111654673      
  0.851417399011552333831787109375000000         -0.829438042400835075511671426110146250      
  0.852394916117191314697265625000000000         -0.842909839271048250953148284321551448      
  0.853372433222830295562744140625000000         -0.855872905694323194020581251220976008      
  0.854349950328469276428222656250000000         -0.868319417931669141735839806456023919      
  0.855327467434108257293701171875000000         -0.880241864005602472539009577567200956      
  0.856304984539747238159179687500000000         -0.891633048233931323083997152113256597      
  0.857282501645386219024658203125000000         -0.902486095572643103536577927108575427      
  0.858260018751025199890136718750000000         -0.912794455765273801733349642469564435      
  0.859237535856664180755615234375000000         -0.922551907296254762688722783918819042      
  0.860215052962303161621093750000000000         -0.931752561145850937521034157985007323      
  0.861192570067942142486572265625000000         -0.940390864344424343504662232004341116      
  0.862170087173581123352050781250000000         -0.948461603323877592370072906468165700      
  0.863147604279220104217529296875000000         -0.955959907064254754069942320870616261      
  0.864125121384859085083007812500000000         -0.962881250033600454127406303613466662      
  0.865102638490498065948486328125000000         -0.969221454919302879765787798126032066      
  0.866080155596137046813964843750000000         -0.974976695149272217979798058491486806      
  0.867057672701776027679443359375000000         -0.980143497201432891591820508112901777      
  0.868035189807415008544921875000000000         -0.984718742700135720588617226962642470      
  0.869012706913053989410400390625000000         -0.988699670298224738544523815410880684      
  0.869990224018692970275878906250000000         -0.992083877343622760090061519242525461      
  0.870967741124331951141357421875000000         -0.994869321329429847102149477268483159      
  0.871945258229970932006835937500000000         -0.997054321126659480082232200889529406      
  0.872922775335609912872314453125000000         -0.998637557998868428193742117332545369      
  0.873900292441248893737792968750000000         -0.999618076398067947473689141160781203      
  0.874877809546887874603271484375000000         -0.999995284541435942367090819961661644      
  0.875855326652526855468750000000000000         -0.999768954768482021286646705786423629      
  0.876832843758165836334228515625000000         -0.998939223678449882527759911805429742      
  0.877810360863804817199707031250000000         -0.997506592047874102598169773949277768      
  0.878787877969443798065185546875000000         -0.995471924528341084801013064885555016      
  0.879765395075082778930664062500000000         -0.992836449124636581658800765307897671      
  0.880742912180721759796142578125000000         -0.989601756453594750420431310565091299      
  0.881720429286360740661621093750000000         -0.985769798784096056457254062707329534      
  0.882697946391999721527099609375000000         -0.981342888858793424945370583425484176      
  0.883675463497638702392578125000000000         -0.976323698498277777130777717085971627      
  0.884652980603277683258056640625000000         -0.970715256988525394173630379921138242      
  0.885630497708916664123535156250000000         -0.964520949252600349818887676018438484      
  0.886608014814555644989013671875000000         -0.957744513807715464000827416497001351      
  0.887585531920194625854492187500000000         -0.950390040508884774370809468234328671      
  0.888563049025833606719970703125000000         -0.942461968080529323455620832384428251      
  0.889540566131472587585449218750000000         -0.933965081437526037971261453741944779      
  0.890518083237111568450927734375000000         -0.924904508797316556493696402647514503      
  0.891495600342750549316406250000000000         -0.915285718584818965526142324218086486      
  0.892473117448389530181884765625000000         -0.905114516132010455893067375080921605      
  0.893450634554028511047363281250000000         -0.894397040174172835860350879704674770      
  0.894428151659667491912841796875000000         -0.883139759144915559635502988641423125      
  0.895405668765306472778320312500000000         -0.871349467272212375873602705961055395      
  0.896383185870945453643798828125000000         -0.859033280477807797206080400540115613      
  0.897360702976584434509277343750000000         -0.846198632082468266137580670533502273      
  0.898338220082223415374755859375000000         -0.832853268319670073296098740294224954      
  0.899315737187862396240234375000000000         -0.819005243660431700250095668353751223      
  0.900293254293501377105712890625000000         -0.804662915952112241144257844156015203      
  0.901270771399140357971191406250000000         -0.789834941374109836460168471801479900      
  0.902248288504779338836669921875000000         -0.774530269213504560514416776900165752      
  0.903225805610418319702148437500000000         -0.758758136463798875168317129028805304      
  0.904203322716057300567626953125000000         -0.742528062250015530053150470057332409      
  0.905180839821696281433105468750000000         -0.725849842083517589973937027945804758      
  0.906158356927335262298583984375000000         -0.708733541950018039791913658739936343      
  0.907135874032974243164062500000000000         -0.691189492234347093975456141618652425      
  0.908113391138613224029541015625000000         -0.673228281485643861388549678388445120      
  0.909090908244252204895019531250000000         -0.654860750026735326292194235356992034      
  0.910068425349891185760498046875000000         -0.636097983411559645840079186993018701      
  0.911045942455530166625976562500000000         -0.616951305734582475798919579902899548      
  0.912023459561169147491455078125000000         -0.597432272796244364464416357016917224      
  0.913000976666808128356933593750000000         -0.577552665128564145862650657523022042      
  0.913978493772447109222412109375000000         -0.557324480885107664881515732102801289      
  0.914956010878086090087890625000000000         -0.536759928599613028027750366644250373      
  0.915933527983725070953369140625000000         -0.515871419817642844645783892080390810      
  0.916911045089364051818847656250000000         -0.494671561605710556821570219868499206      
  0.917888562195003032684326171875000000         -0.473173148942401905576504094477206533      
  0.918866079300642013549804687500000000         -0.451389156996083801701910563531205507      
  0.919843596406280994415283203125000000         -0.429332733293861318708855564480078949      
  0.920821113511919975280761718750000000         -0.407017189786509161559304881486407288      
  0.921798630617558956146240234375000000         -0.384455994814166748488843618893630910      
  0.922776147723197937011718750000000000         -0.361662764977645936435770297230075859      
  0.923753664828836917877197265625000000         -0.338651256920257387208408342572511192      
  0.924731181934475898742675781250000000         -0.315435359025115577170257643475597772      
  0.925708699040114879608154296875000000         -0.292029083032933465306530162342349621      
  0.926686216145753860473632812500000000         -0.268446555585365822267804294022738755      
  0.927663733251392841339111328125000000         -0.244702009699005157404440296473981428      
  0.928641250357031822204589843750000000         -0.220809776175176034789270839315645385      
  0.929618767462670803070068359375000000         -0.196784274950712317515331195112514109      
  0.930596284568309783935546875000000000         -0.172640006394937498763850803419955241      
  0.931573801673948764801025390625000000         -0.148391542558100746767747644482205015      
  0.932551318779587745666503906250000000         -0.124053518376550589251307355268153527      
  0.933528835885226726531982421875000000          -9.96406228399542735247781746866641481E-0002
  0.934506352990865707397460937500000000          -7.51675901258937453944603668218464411E-0002
  0.935483870096504688262939453125000000          -5.06491907071888795892174547499904768E-0002
  0.936461387202143669128417968750000000          -2.61002224373150546197462116934853785E-0002
  0.937438904307782649993896484375000000          -1.53550161929538594300194510106631284E-0003
  0.938416421413421630859375000000000000           2.30301459365420949785007257328767377E-0002
  0.939393938519060611724853515625000000           4.75818938605453076737486131082252488E-0002
  0.940371455624699592590332031250000000           7.21049241720565645231983091055011107E-0002
  0.941348972730338573455810546875000000           9.65844362226679125480081318694747932E-0002
  0.942326489835977554321289062500000000          0.121005655629015755982165923215966908      
  0.943304006941616535186767578125000000          0.145353843189723453951595378754253957      
  0.944281524047255516052246093750000000          0.169614303781110154927511419407269302      
  0.945259041152894496917724609375000000          0.193772395226296945062938739921067530      
  0.946236558258533477783203125000000000          0.217813537132357443326765676963103669      
  0.947214075364172458648681640625000000          0.241723219690179262828644861356128377      
  0.948191592469811439514160156250000000          0.265487012431725263240296554887482245      
  0.949169109575450420379638671875000000          0.289090572939409230181326106162618810      
  0.950146626681089401245117187500000000          0.312519655502329518332919652073443338      
  0.951124143786728382110595703125000000          0.335760119714136268427863689855820951      
  0.952101660892367362976074218750000000          0.358797939007343034782649167999970578      
  0.953079177998006343841552734375000000          0.381619209118932018426330179202572602      
  0.954056695103645324707031250000000000          0.404210156482143567990459902364324495      
  0.955034212209284305572509765625000000          0.426557146539385161327731163530043308      
  0.956011729314923286437988281250000000          0.448646691971242688435680080325944709      
  0.956989246420562267303466796875000000          0.470465460836627491942836256340576618      
  0.957966763526201248168945312500000000          0.492000284619146254607324375948737952      
  0.958944280631840229034423828125000000          0.513238166174837421612321857353911827      
  0.959921797737479209899902343750000000          0.534166287576477374759553563929526192      
  0.960899314843118190765380859375000000          0.554772017849722000032788225275418537      
  0.961876831948757171630859375000000000          0.575042920596414571752439851324186311      
  0.962854349054396152496337890625000000          0.594966761500458976269674396358041579      
  0.963831866160035133361816406250000000          0.614531515711728174752915920144185821      
  0.964809383265674114227294921875000000          0.633725375103551415324417595496783409      
  0.965786900371313095092773437500000000          0.652536755399400005182550254923005132      
  0.966764417476952075958251953125000000          0.670954303164470397346276459855689549      
  0.967741934582591056823730468750000000          0.688966902657944886635998883766686083      
  0.968719451688230037689208984375000000          0.706563682541794296246897814191974544      
  0.969696968793869018554687500000000000          0.723734022442073619027227477589805137      
  0.970674485899507999420166015625000000          0.740467559358750604088601903099361987      
  0.971652003005146980285644531250000000          0.756754193920198695916937704194556440      
  0.972629520110785961151123046875000000          0.772584096478579484547824245320155497      
  0.973607037216424942016601562500000000          0.787947713042435855035872707270565801      
  0.974584554322063922882080078125000000          0.802835771042915274426236882054719024      
  0.975562071427702903747558593750000000          0.817239284930143065430133110795375116      
  0.976539588533341884613037109375000000          0.831149561596368027412686985986989542      
  0.977517105638980865478515625000000000          0.844558205622607315250987849281734619      
  0.978494622744619846343994140625000000          0.857457124345624012012682476689807953      
  0.979472139850258827209472656250000000          0.869838532742179267948370091576431282      
  0.980449656955897808074951171875000000          0.881694958127611160538598201232004820      
  0.981427174061536788940429687500000000          0.893019244665904491728570968961880692      
  0.982404691167175769805908203125000000          0.903804557688529511387150770816560613      
  0.983382208272814750671386718750000000          0.914044387819442971774774356289205769      
  0.984359725378453731536865234375000000          0.923732554903761906739409082358925701      
  0.985337242484092712402343750000000000          0.932863211737739020873051309691623906      
  0.986314759589731693267822265625000000          0.941430847597788496439059930005004290      
  0.987292276695370674133300781250000000          0.949430291566432307144659118466614588      
  0.988269793801009654998779296875000000          0.956856715653159694585049223239258557      
  0.989247310906648635864257812500000000          0.963705637708316241451702218751957928      
  0.990224828012287616729736328125000000          0.969972924128263890672359259969488939      
  0.991202345117926597595214843750000000          0.975654792350179236142653029967693331      
  0.992179862223565578460693359375000000          0.980747813134984372587198515242749634      
  0.993157379329204559326171875000000000          0.985248912637032462724763989786970455      
  0.994134896434843540191650390625000000          0.989155374259298882132607750065241363      
  0.995112413540482521057128906250000000          0.992464840292958258332209265041610339      
  0.996089930646121501922607421875000000          0.995175313340357852520386228827100671      
  0.997067447751760482788085937500000000          0.997285157520528461506264339726921633      
  0.998044964857399463653564453125000000          0.998793099456505264885391796179147970      
  0.999022481963038444519042968750000000          0.999698229043862729074266906399388356      
  0.999999999068677425384521484375000000          0.999999999999999726063448749220403410      
   1.00097751617431640625000000000000000          0.999698230193843350929962228196507379      
