           1   7.3380383324381535     
           2   3.3119951079885590     
           3   6.7119471509684425     
           4   4.6598361611755772     
           5   515.48738395518933     
           6   2.4073992689370201     
           7   4.4651535164378329     
           8   3.1751308751855420     
           9   4.5469898917709148     
          10   4.4942725627826023     
          11   1.5502140636909056     
          12   2.4855792386547559     
          13   3.0760827629815610     
          14   3.6086063976003784     
          15   3.1926301599441107     
          16   5.2158702648489301     
          17   6.8284647257423350     
          18   5.7955731153441707     
          19   4.5958762560954236     
          20   4.1079396189333863     
          21   2.4694389998603925     
          22   3.8520119942539579     
          23   3.5237192184137442     
          24   7.3026919190049542     
          25   4.2843762179851046     
          26   1.4756918192355655     
          27   6.0434295501346735     
          28   5.7169107961677383     
          29   12.431368854737983     
          30   1.6165729330973952     
          31   6.5007868534112179     
          32   3.2572185285697564     
          33   4.9867244495289915     
          34   3.2069527706274239     
          35   2.4287300046924156     
          36   2.8312487263515136     
          37   4.4115068463502647     
          38   1.9415466565239123     
          39   3.8620465132965323     
          40   6.3181381834276600     
          41   5.3099004101017835     
          42   1.9234045126860446     
          43   3.0394540028763370     
          44   7.0496185148648456     
          45   5.1875472006000338     
          46   2.7161339672293674     
          47   8.1127703676243819     
          48   4.4030933632638547     
          49   3.6976660242342074     
          50   7.0090819900532368     
          51   6.3666597733249173     
          52   4.4427901558118856     
          53   8.5920002266353777     
          54   2.2672920106901815     
          55   1.9482354406269444     
          56   5.4670250947084229     
          57   5.8868720184303447     
          58   10.999580448296856     
          59   3.9201544320110577     
          60   4.6863503955348964     
          61   5.6707631065872350     
          62   4.6395021704520261     
          63   3.3485281317534605     
          64   5.2647678745329847     
          65  0.63704695262206112     
          66   7.0596703004586416     
          67   3.1592847209455419     
          68   3.1164044947678797     
          69   1.5394488962525432     
          70   2.1317445783629876     
          71   2.6402635642878183     
          72   10.521832925758966     
          73   6.2239595403195453     
          74   3.6461974384572273     
          75   5.3065593955669597     
          76   3.0937332983318666     
          77   4.5025393815451586     
          78   4.4379751741849569     
          79   2.7383883416696650     
          80   1.3728237274571597     
          81   1.8694104702514687     
          82   6.4683234524461115     
          83   3.7867584127402303     
          84   2.9555812338482021     
          85   3.2237146689889262     
          86   3.6727569448429263     
          87   4.1467498626282842     
          88   4.7103566509185946     
          89   1.3056842892180749     
          90   3.7213430017822628     
          91   1.5189445393122958     
          92   2.1037721752114056     
          93   1.9044508344026057     
          94   6.3507449972140719     
          95   4.0454930218111507     
          96   3.4402516680228024     
          97   4.5018303942267517     
          98   2.9341839167242658     
          99   3.1473847433601656     
         100   3.5038836080420372     
         101   6.4199673887980149     
         102   8.3807979270901480     
         103   13.990949735641706     
         104   3.8563150445308123     
         105   1.3661210194183060     
         106   4.2991350512995954     
         107   3.0250507536912550     
         108   3.3049084482148539     
         109   4.8719375702004442     
         110  0.60650513356597013     
         111   1.9670185447414372     
         112   2.5070473161551083     
         113   3.1666672948081400     
         114   4.0546118353005811     
         115   4.4449153079427761     
         116   1.0716434220913609     
         117   2.8279095122203897     
         118   4.5996152021898800     
         119   2.3744051728713065     
         120   4.4564958651875806     
         121   4.5553099117514595     
         122   7.7903164210056923     
         123   5.2772597750771491     
         124   6.7135182511506137     
         125   2.4536828080664659     
         126   3.0202585511784918     
         127   9.7647212491454027     
         128   5.1590168222867456     
         129   5.3603676943802006     
         130   4.1912424340509524     
         131   4.4726094259520783     
         132   4.1394567277357570     
         133   1.2170287094242194     
         134   8.3616767639342982     
         135   3.9685662075254950     
         136   3.9344547098521989     
         137   2.3057810836161847     
         138   3.6449838869691567     
         139   4.7521434277300107     
         140   8.4887682080710007     
         141   2.0015919729649614     
         142   1.7169195917950675     
         143   6.4772747127303045     
         144   4.3613300026896669     
         145   2.2936846180294688     
         146   4.0905291720850858     
         147   3.7054472794473590     
         148   6.0153793456222262     
         149   8.0081153349151073     
         150   3.3244896164713884     
         151   3.5338603478052368     
         152   5.6151052924974767     
         153   1.3779763892579246     
         154   6.0834542742376509     
         155   6.0883168535405243     
         156   3.2195014316257309     
         157   6.6770113813693044     
         158   8.2868272758895571     
         159   3.3513785832913126     
         160   2.2225801312538911     
         161   7.3714429351950841     
         162   6.9190045646523544     
         163   4.5352358594864537     
         164   1.3631008571711369     
         165   1.8929147044829508     
         166   3.3452687248545208     
         167   3.0150333441021817     
         168   1.7188568314596866     
         169   2.9258598022674462     
         170   2.8637923159559184     
         171   2.4757789640717207     
         172   1.3254982820263466     
         173  0.67793572520365486     
         174   4.8687208015247698     
         175   6.5516283496151333     
         176   5.6166978538193906     
         177   5.6879368475948029     
         178   5.6201435785917644     
         179   5.5113465213374448     
         180   3.1291016337967523     
         181   2.4569232479772993     
         182  0.73247074029074855     
         183   3.4207269511309137     
         184   3.0762468815599893     
         185   5.6821376550930465     
         186   4.7095000142135506     
         187   2.1135805387287792     
         188   2.7378599086885411     
         189   1.4660170760506379     
         190   6.9328746278062052     
         191   1.7736946579830255     
         192   3.1745379069622746     
         193   2.9880595350453918     
         194   7.6922761749810054     
         195   2.8637941694184028     
         196   5.2062803910405027     
         197   6.2242789584915412     
         198   1.2764674424054794     
         199   2.4775179691222236     
         200   2.8539413366469146     
         201   1.9836366073477114     
         202   10.425443913647449     
         203   1.4657762400405114     
         204   1.3704694272054423     
         205   2.9098943978930021     
         206   7.0130966788075995     
         207   5.5993454620565961     
         208   1.7741836188873796     
         209   1.9912776546254336     
         210   4.5593006626733210     
         211   3.2479114744216555     
         212   3.3530714471382299     
         213   2.3699199199016716     
         214   3.3877703196245541     
         215   4.3758710099787583     
         216   7.3811563378416327     
         217   3.3226372220313594     
         218   3.5623424976732254     
         219   8.7449057479572740     
         220   4.1200305351870412     
         221   5.4654078112833284     
         222   7.0914455966151211     
         223   1.4592183473994149     
         224   3.7447623244294430     
         225   1.9228687042331944     
         226   3.9481414924016658     
         227   2.3635784379940814     
         228   4.3509735961780569     
         229   8.3884275353074162     
         230   5.9802351262904638     
         231   1.3615720624176713     
         232   4.1271396610643221     
         233   5.4853272242859177     
         234   6.3828240710366329     
         235   7.4378152131120219     
         236   4.2284217730691314     
         237   3.5620246673750229     
         238   6.9472088194290924     
         239   5.0260151728712623     
         240   3.6370260218757027     
         241   6.6279215473458182     
         242   4.1721453174099876     
         243   6.9285592760295751     
         244   1.7992061882459540     
         245   2.8079919965766100     
         246   5.1593663468959292     
         247   4.5372298578365884     
         248   7.8119900668877760     
         249   3.0305722955412406     
         250   6.4368183485471411     
         251   3.3466687080387074     
         252   6.9168159242605194     
         253   3.4276929063598298     
         254   1.4946329003485181     
         255   2.7972583612405906     
         256   2.8022818262094074     
         257   2.5674420549715546     
         258   2.0969139378880404     
         259   4.6187608747693476     
         260   2.7309746536897799     
         261   1.1460643959303574     
         262   4.5153490831050380     
         263   1.7062484382103857     
         264   7.1329425701880069     
         265   4.3020789984883683     
         266   2.1835693858772971     
         267   8.4966584144598674     
         268   2.4478932354888294     
         269   4.2052473757679012     
         270   2.5740307193793166     
         271   4.5296332965108936     
         272   4.0459709776852639     
         273   2.1517165258343667     
         274   2.2107782036527186     
         275   3.6531863734240022     
         276   5.4183638415473601     
         277  0.85960466341316721     
         278   2.2406457856596265     
         279   5.2233638874923631     
         280   1.0883590567756514     
         281   5.9424125279150566     
         282   4.4548544964145842     
         283   2.5637580265619051     
         284   1.0950593105094564     
         285   5.3705544925330404     
         286   2.2919841715876936     
         287   2.2478029635969659     
         288   2.8437167522493265     
         289   1.5558181613115347     
         290   2.6503613364675611     
         291   5.3113630527581268     
         292   6.0923386309983929     
         293  0.67116072122492310     
         294   6.4894406963516937     
         295   4.8445486838030876     
         296   8.6266177674862288     
         297   2.4295103223000454     
         298   6.3559511557624884     
         299   2.7796676049374529     
         300   3.5463095550780106     
         301   3.5764813050386794     
         302   3.1333650522355887     
         303   4.7701577667917094     
         304   5.0601427313656169     
         305   3.9590941004762126     
         306   2.0782410047770745     
         307   5.1697425775344579     
         308   4.7983746312626936     
         309   3.8897257036587032     
         310   4.9275884580774925     
         311   5.8182328830135148     
         312   5.6520726429957948     
         313   3.7205452022391201     
         314   1.1239461046095727     
         315   2.1347033082359950     
         316   2.7127015562979579     
         317   3.5706591324614902     
         318   5.1540227807518342     
         319   4.8602898179489280     
         320   4.0810110686689463     
         321   4.8389112282794269     
         322  0.56646830127044545     
         323   6.7721834494463087     
         324   4.3074844705199160     
         325   1.9122958553684639     
         326   2.2944868201723181     
         327   3.5007724875720792     
         328   1.4909979720175714     
         329   6.6079483544806070     
         330   6.7600491035797159     
         331   5.0646666482046010     
         332   4.9258183052119007     
         333   4.4467556503792069     
         334   1.6054198182717268     
         335   1.7541610311958167     
         336   3.5983616949370036     
         337   2.2608915389133815     
         338   3.0631299567162036     
         339   6.0955060023125984     
         340   3.7873876734291203     
         341   3.3293244495701084     
         342   6.1042095772192173     
         343   1.9959117750954003     
         344   5.1647667626768472     
         345   3.5506240923228050     
         346   3.7276004053600613     
         347   3.0901929361638829     
         348   5.5570854998491273     
         349   2.6834079035459935     
         350   3.8536929151563273     
         351   6.4906029126717391     
         352   5.0425347728818464     
         353   2.4869730524663827     
         354   7.2938663173301173     
         355   5.5039274395690558     
         356   5.9901544177159609     
         357   2.4466318191820835     
         358  0.27548957341264491     
         359   8.0195988573369892     
         360   5.5161932991704461     
         361   2.7262416204360025     
         362   3.2896650862647556     
         363   6.7965902341087716     
         364   3.5896833334436078     
         365  0.79635649485011384     
         366   5.3560520620707965     
         367   2.8070213023604595     
         368   4.5662934625051328     
         369   4.1434461798218498     
         370   4.6948661652028605     
         371   2.2545038342081773     
         372   1.4913588142521017     
         373   6.9696493309009604     
         374   3.6212335010288905     
         375   3.2445296446649157     
         376   3.5792334957311200     
         377   10.510139542918285     
         378   3.8669420458926429     
         379   4.7217276569618862     
         380   2.9033138281026036     
         381   4.7805960832024965     
         382   2.2217179635338344     
         383   2.4839381748907838     
         384   4.5853979337084336     
         385   4.2384758522862747     
         386   5.3827857458984854     
         387   2.5074218983350320     
         388   5.8880398596094086     
         389   2.6208479689938189     
         390   5.3640156374895698     
         391   3.3773763502251004     
         392   1.6614504806314687     
         393   5.4155091565946583     
         394   1.9229479318623588     
         395   8.1029944476294169     
         396   5.5060845387241537     
         397   3.9801155491650020     
         398   3.8683262305249504     
         399   3.4577827729194626     
         400   3.8666399691505311     
         401   3.4845904270974515     
         402   8.5599608739060571     
         403   1.5205521924590037     
         404   5.7793411882381100     
         405   5.3559755608441728     
         406   6.3043263233832310     
         407   3.5939634116708108     
         408  0.73958425729555899     
         409   4.7310076865354187     
         410  0.97530207378750589     
         411   3.5084913748679005     
         412   3.8846552397076026     
         413   3.8275103243084048     
         414   2.0149960908398170     
         415  0.78704036347570316     
         416   4.9154438127799418     
         417   3.7685178373409447     
         418   3.9636708611387048     
         419  0.30475503218009897     
         420   6.3359193435885892     
         421   1.2340440507315316     
         422   3.1612715302374110     
         423   4.7718548743089979     
         424   5.8795139190315622     
         425   3.0958474987955937     
         426   8.6419413063244033     
         427   1.8496209804446309     
         428   6.9386221890729542     
         429   3.6784235216431740     
         430   6.1736225891531422     
         431   1.8496544925594856     
         432   1.5578388543339388     
         433   3.2723967877277307     
         434   8.0074846576059109     
         435   1.4615056716390105     
         436   3.0217644817608003     
         437   6.6828527606465364     
         438   2.2755991912620690     
         439   4.5745082290674235     
         440   1.2023344855127280     
         441   3.8631081580630013     
         442   2.8390675269068057     
         443   7.2508396274843259     
         444   3.6829964717435879     
         445   2.6606020529739123     
         446   1.8788668998906632     
         447   1.5270457154182631     
         448   4.3961055583333684     
         449  0.82521241173253423     
         450   3.8149668519784776     
         451   4.5170417002217285     
         452   4.9731991466218410     
         453   3.7507277461655826     
         454   3.1917623659564560     
         455   4.6552862641426387     
         456   3.2080750038472350     
         457   2.2725377291981950     
         458   3.4636380630863424     
         459   5.3391731495331962     
         460   2.8053537835953888     
         461   3.6039695397336593     
         462   2.8733799691341240     
         463   6.3460175515730510     
         464   3.5560611538932521     
         465   3.8141025443008396     
         466   8.6017418337837839     
         467   4.0376405740095116     
         468   2.4769821312535685     
         469   4.4282042854627264     
         470  0.58996187312069281     
         471   4.1794277074949999     
         472   1.4434017580738034     
         473   1.7949939886601312     
         474   6.0150310414124135     
         475   4.2531149139912410     
         476   5.5307156327637221     
         477   4.9530448927209099     
         478  0.84929365988669436     
         479   3.6897544148459813     
         480   1.5184425869893525     
         481   2.1663594460835789     
         482   2.6671804143858897     
         483   7.4639720234270639     
         484   2.9001537788624723     
         485   3.3872457876822399     
         486   4.5466897598952558     
         487   3.5557700284707541     
         488   1.9789013621325648     
         489   7.5074479055748391     
         490   1.5434203127849249     
         491   2.8203130432589827     
         492   5.9909277633687132     
         493   5.5294335410884017     
         494   1.8492198049227537     
         495   3.4719959867384063     
         496   1.9501974538998659     
         497   5.7456828881245059     
         498   2.1610082506340209     
         499   4.9911801107906628     
         500   8.3358735985540218     
         501   5.6589183486267762     
         502   2.5134217225879456     
         503   3.3860580202357835     
         504   2.4745448936883561     
         505  0.36118078521667812     
         506   3.4594273084578688     
         507   3.8049017451981624     
         508   3.7642317057109271     
         509   4.3011282377531517     
         510   3.5468255927618544     
         511   4.4920615639884245     
         512   3.8319241140476956     
         513   7.7464087159833488     
