   9.77517105638980865478515625000000000E-0004     1.1376518441576562     
   1.95503421127796173095703125000000000E-0003     1.1290379455831785     
   2.93255131691694259643554687500000000E-0003     1.1041750966815269     
   3.91006842255592346191406250000000000E-0003     1.1744560326436999     
   4.88758552819490432739257812500000000E-0003    0.86698847919916877     
   5.86510263383388519287109375000000000E-0003     1.1088691807942621     
   6.84261973947286605834960937500000000E-0003     1.1275255790852541     
   7.82013684511184692382812500000000000E-0003     1.1483871735524498     
   8.79765395075082778930664062500000000E-0003    0.98551902393713842     
   9.77517105638980865478515625000000000E-0003    0.76056005990157372     
   1.07526881620287895202636718750000000E-0002     1.2105307572104342     
   1.17302052676677703857421875000000000E-0002     1.1128372279883634     
   1.27077223733067512512207031250000000E-0002    0.79297509551325807     
   1.36852394789457321166992187500000000E-0002    0.76524637668846918     
   1.46627565845847129821777343750000000E-0002    0.89984513863034155     
   1.56402736902236938476562500000000000E-0002    0.94275666180418516     
   1.66177907958626747131347656250000000E-0002    0.69332224192007441     
   1.75953079015016555786132812500000000E-0002    0.78753081435737848     
   1.85728250071406364440917968750000000E-0002    0.94541368516892355     
   1.95503421127796173095703125000000000E-0002     1.0744096931799720     
   2.05278592184185981750488281250000000E-0002     1.1168724861170642     
   2.15053763240575790405273437500000000E-0002     1.0696099030480990     
   2.24828934296965599060058593750000000E-0002     1.0350245516405636     
   2.34604105353355407714843750000000000E-0002     1.0177929327062631     
   2.44379276409745216369628906250000000E-0002    0.75526882380746085     
   2.54154447466135025024414062500000000E-0002     1.0169196980412727     
   2.63929618522524833679199218750000000E-0002    0.63809641365707093     
   2.73704789578914642333984375000000000E-0002    0.85759015463315780     
   2.83479960635304450988769531250000000E-0002    0.89795108020658110     
   2.93255131691694259643554687500000000E-0002    0.63375261645421654     
   3.03030302748084068298339843750000000E-0002    0.64984085395872571     
   3.12805473804473876953125000000000000E-0002    0.77833794465563433     
   3.22580644860863685607910156250000000E-0002    0.63201971417841840     
   3.32355815917253494262695312500000000E-0002    0.55782377159498431     
   3.42130986973643302917480468750000000E-0002    0.86761527797050919     
   3.51906158030033111572265625000000000E-0002    0.46659452485267794     
   3.61681329086422920227050781250000000E-0002    0.84563811091695029     
   3.71456500142812728881835937500000000E-0002    0.54024606598251468     
   3.81231671199202537536621093750000000E-0002    0.76303660331470224     
   3.91006842255592346191406250000000000E-0002    0.35073160189978358     
   4.00782013311982154846191406250000000E-0002    0.43659837942654783     
   4.10557184368371963500976562500000000E-0002    0.59182760545571844     
   4.20332355424761772155761718750000000E-0002    0.46384855089441657     
   4.30107526481151580810546875000000000E-0002    0.67878327796608107     
   4.39882697537541389465332031250000000E-0002    0.69743550640617680     
   4.49657868593931198120117187500000000E-0002    0.37972693425035453     
   4.59433039650321006774902343750000000E-0002    0.17821556491681789     
   4.69208210706710815429687500000000000E-0002    0.43863918627111453     
   4.78983381763100624084472656250000000E-0002    0.10913642876660641     
   4.88758552819490432739257812500000000E-0002    0.29221239320219528     
   4.98533723875880241394042968750000000E-0002    0.49210369277786759     
   5.08308894932270050048828125000000000E-0002    0.14531322762488014     
   5.18084065988659858703613281250000000E-0002    0.33540693629466634     
   5.27859237045049667358398437500000000E-0002    0.18891956935221646     
   5.37634408101439476013183593750000000E-0002    -2.8661458273841024E-002
   5.47409579157829284667968750000000000E-0002     2.0941054681587360E-002
   5.57184750214219093322753906250000000E-0002    0.23797154536574980     
   5.66959921270608901977539062500000000E-0002    0.27094780896192244     
   5.76735092326998710632324218750000000E-0002    0.24380399401740299     
   5.86510263383388519287109375000000000E-0002    0.30381159407686686     
   5.96285434439778327941894531250000000E-0002     1.6299695179249774E-002
   6.06060605496168136596679687500000000E-0002     6.1175377785667243E-002
   6.15835776552557945251464843750000000E-0002    -1.5109766882022316E-002
   6.25610947608947753906250000000000000E-0002    -2.3391171169388062E-003
   6.35386118665337562561035156250000000E-0002     2.4870361509380347E-002
   6.45161289721727371215820312500000000E-0002   -0.17518926224268225     
   6.54936460778117179870605468750000000E-0002    0.17013278923073868     
   6.64711631834506988525390625000000000E-0002     4.9499358882244382E-002
   6.74486802890896797180175781250000000E-0002    -9.6216496296986892E-002
   6.84261973947286605834960937500000000E-0002   -0.22538541064175355     
   6.94037145003676414489746093750000000E-0002   -0.22046695735709676     
   7.03812316060066223144531250000000000E-0002   -0.16406569034468985     
   7.13587487116456031799316406250000000E-0002   -0.33016520444295427     
   7.23362658172845840454101562500000000E-0002   -0.38289303306805422     
   7.33137829229235649108886718750000000E-0002    -2.4989389030337157E-002
   7.42913000285625457763671875000000000E-0002   -0.44001157377161737     
   7.52688171342015266418457031250000000E-0002   -0.19465583959262542     
   7.62463342398405075073242187500000000E-0002   -0.16045289262326690     
   7.72238513454794883728027343750000000E-0002   -0.14788827363445958     
   7.82013684511184692382812500000000000E-0002   -0.57496258983823856     
   7.91788855567574501037597656250000000E-0002   -0.56971074656285203     
   8.01564026623964309692382812500000000E-0002   -0.55473438753060544     
   8.11339197680354118347167968750000000E-0002   -0.42639493936882850     
   8.21114368736743927001953125000000000E-0002   -0.57599440250946154     
   8.30889539793133735656738281250000000E-0002   -0.40833689225808623     
   8.40664710849523544311523437500000000E-0002   -0.73146543728256652     
   8.50439881905913352966308593750000000E-0002   -0.73706797421751535     
   8.60215052962303161621093750000000000E-0002   -0.69602684492735944     
   8.69990224018692970275878906250000000E-0002   -0.69044235032344115     
   8.79765395075082778930664062500000000E-0002   -0.37414547765280487     
   8.89540566131472587585449218750000000E-0002   -0.49305832225266949     
   8.99315737187862396240234375000000000E-0002   -0.57949345291971877     
   9.09090908244252204895019531250000000E-0002   -0.67401490575050715     
   9.18866079300642013549804687500000000E-0002   -0.58497356411026424     
   9.28641250357031822204589843750000000E-0002   -0.91976803210576175     
   9.38416421413421630859375000000000000E-0002   -0.82031753230458415     
   9.48191592469811439514160156250000000E-0002   -0.68505512269800406     
   9.57966763526201248168945312500000000E-0002   -0.60121261721701247     
   9.67741934582591056823730468750000000E-0002   -0.63972515251826412     
   9.77517105638980865478515625000000000E-0002   -0.65369246661027958     
   9.87292276695370674133300781250000000E-0002   -0.77795195463364786     
   9.97067447751760482788085937500000000E-0002   -0.72037183478141564     
  0.100684261880815029144287109375000000         -0.62385478625877111     
  0.101661778986454010009765625000000000         -0.84951812868149801     
  0.102639296092092990875244140625000000         -0.88133503389289913     
  0.103616813197731971740722656250000000          -1.0183007923223144     
  0.104594330303370952606201171875000000         -0.89756142764856484     
  0.105571847409009933471679687500000000          -1.0032397127623263     
  0.106549364514648914337158203125000000         -0.95551777386695713     
  0.107526881620287895202636718750000000         -0.70058525480965228     
  0.108504398725926876068115234375000000         -0.82608788075155948     
  0.109481915831565856933593750000000000          -1.0186452545411064     
  0.110459432937204837799072265625000000          -1.0285699530952344     
  0.111436950042843818664550781250000000          -1.1501740474950084     
  0.112414467148482799530029296875000000         -0.79845957242392274     
  0.113391984254121780395507812500000000         -0.96387587475406877     
  0.114369501359760761260986328125000000         -0.72773349134345999     
  0.115347018465399742126464843750000000          -1.0394057138627955     
  0.116324535571038722991943359375000000          -1.0694079862823389     
  0.117302052676677703857421875000000000         -0.88823427052530501     
  0.118279569782316684722900390625000000          -1.1597828295317705     
  0.119257086887955665588378906250000000         -0.97626339512777061     
  0.120234603993594646453857421875000000         -0.78775952504220903     
  0.121212121099233627319335937500000000          -1.2265829409137630     
  0.122189638204872608184814453125000000          -1.0011370888100688     
  0.123167155310511589050292968750000000         -0.88248292826539099     
  0.124144672416150569915771484375000000          -1.2291430657733493     
  0.125122189521789550781250000000000000          -1.2458293974103807     
  0.126099706627428531646728515625000000         -0.75073921558008683     
  0.127077223733067512512207031250000000         -0.96558095524377063     
  0.128054740838706493377685546875000000          -1.1217034484863708     
  0.129032257944345474243164062500000000         -0.78514107924930299     
  0.130009775049984455108642578125000000          -1.0724681237199596     
  0.130987292155623435974121093750000000         -0.92316604762369181     
  0.131964809261262416839599609375000000         -0.96221424053799665     
  0.132942326366901397705078125000000000         -0.98693885553913707     
  0.133919843472540378570556640625000000         -0.76891829605848772     
  0.134897360578179359436035156250000000          -1.0977217604459422     
  0.135874877683818340301513671875000000         -0.91030723767196375     
  0.136852394789457321166992187500000000          -1.0380659779149159     
  0.137829911895096302032470703125000000         -0.93077771023448497     
  0.138807429000735282897949218750000000         -0.95782258201725490     
  0.139784946106374263763427734375000000         -0.70941122717493410     
  0.140762463212013244628906250000000000         -0.74555093392333982     
  0.141739980317652225494384765625000000          -1.1008701519407798     
  0.142717497423291206359863281250000000         -0.93426591111732160     
  0.143695014528930187225341796875000000         -0.97034321517753552     
  0.144672531634569168090820312500000000         -0.74260842013809969     
  0.145650048740208148956298828125000000         -0.64912466432711891     
  0.146627565845847129821777343750000000         -0.86550904833036679     
  0.147605082951486110687255859375000000         -0.90108010621935408     
  0.148582600057125091552734375000000000         -0.70167414185262955     
  0.149560117162764072418212890625000000          -1.0052015428673053     
  0.150537634268403053283691406250000000         -0.91390040900289893     
  0.151515151374042034149169921875000000         -0.76438075376907566     
  0.152492668479681015014648437500000000         -0.84033354381273506     
  0.153470185585319995880126953125000000         -0.80416039851494225     
  0.154447702690958976745605468750000000         -0.85693301425513013     
  0.155425219796597957611083984375000000         -0.95650818574003194     
  0.156402736902236938476562500000000000         -0.56055902211623054     
  0.157380254007875919342041015625000000         -0.69056570624605684     
  0.158357771113514900207519531250000000         -0.91432787152287376     
  0.159335288219153881072998046875000000         -0.81664665177637052     
  0.160312805324792861938476562500000000         -0.68992020736782478     
  0.161290322430431842803955078125000000         -0.67892364813060080     
  0.162267839536070823669433593750000000         -0.66626240748370069     
  0.163245356641709804534912109375000000         -0.58796245086602217     
  0.164222873747348785400390625000000000         -0.56002918875432073     
  0.165200390852987766265869140625000000         -0.71317406591583388     
  0.166177907958626747131347656250000000         -0.71949666103412313     
  0.167155425064265727996826171875000000         -0.44060978358839975     
  0.168132942169904708862304687500000000         -0.34681232267746026     
  0.169110459275543689727783203125000000         -0.61533594826336824     
  0.170087976381182670593261718750000000         -0.42254467288627007     
  0.171065493486821651458740234375000000         -0.60202931988869257     
  0.172043010592460632324218750000000000         -0.25646253708534245     
  0.173020527698099613189697265625000000         -0.10662184942047576     
  0.173998044803738594055175781250000000         -0.27687076128216864     
  0.174975561909377574920654296875000000         -0.48450256941454711     
  0.175953079015016555786132812500000000         -0.37960893001004192     
  0.176930596120655536651611328125000000          -3.5500346493950209E-002
  0.177908113226294517517089843750000000         -0.33234375633049174     
  0.178885630331933498382568359375000000         -0.22034597274541953     
  0.179863147437572479248046875000000000           1.5541622506255862E-002
  0.180840664543211460113525390625000000         -0.12612313912622888     
  0.181818181648850440979003906250000000         -0.21460102235935261     
  0.182795698754489421844482421875000000          -6.0682234106718372E-002
  0.183773215860128402709960937500000000          -5.3619120034472993E-002
  0.184750732965767383575439453125000000          0.16147695386256550     
  0.185728250071406364440917968750000000          0.15621689088419824     
  0.186705767177045345306396484375000000           1.4284679583601249E-002
  0.187683284282684326171875000000000000          0.22384400443253680     
  0.188660801388323307037353515625000000           4.3048984685738791E-003
  0.189638318493962287902832031250000000          0.15838062061411681     
  0.190615835599601268768310546875000000          0.24485231472410027     
  0.191593352705240249633789062500000000          -3.9871161662739327E-003
  0.192570869810879230499267578125000000          0.31837653468693056     
  0.193548386916518211364746093750000000          0.31932674278297690     
  0.194525904022157192230224609375000000           7.1004625011248129E-002
  0.195503421127796173095703125000000000          0.29638109813974234     
  0.196480938233435153961181640625000000           3.8922981502584969E-002
  0.197458455339074134826660156250000000          0.32989597136422172     
  0.198435972444713115692138671875000000          0.31493533628609166     
  0.199413489550352096557617187500000000           7.4921615822676230E-002
  0.200391006655991077423095703125000000          0.27839777017002987     
  0.201368523761630058288574218750000000          0.53557119734224212     
  0.202346040867269039154052734375000000          0.30013305521160732     
  0.203323557972908020019531250000000000          0.29225059357875000     
  0.204301075078547000885009765625000000          0.35778860462216705     
  0.205278592184185981750488281250000000          0.56051373910406532     
  0.206256109289824962615966796875000000          0.57507861137105665     
  0.207233626395463943481445312500000000          0.64796479786923111     
  0.208211143501102924346923828125000000          0.44101853687790915     
  0.209188660606741905212402343750000000          0.34367348219921878     
  0.210166177712380886077880859375000000          0.75617223338913719     
  0.211143694818019866943359375000000000          0.78835580241568182     
  0.212121211923658847808837890625000000          0.42720080506681279     
  0.213098729029297828674316406250000000          0.57055384559692934     
  0.214076246134936809539794921875000000          0.74073780902529973     
  0.215053763240575790405273437500000000          0.78192639265402719     
  0.216031280346214771270751953125000000          0.82086000646655077     
  0.217008797451853752136230468750000000          0.67818810646762206     
  0.217986314557492733001708984375000000          0.69303977162638608     
  0.218963831663131713867187500000000000          0.77368796954759822     
  0.219941348768770694732666015625000000          0.92356599103396064     
  0.220918865874409675598144531250000000          0.88633120129069021     
  0.221896382980048656463623046875000000          0.78695180205941850     
  0.222873900085687637329101562500000000          0.87581216133395245     
  0.223851417191326618194580078125000000          0.65130370626025291     
  0.224828934296965599060058593750000000          0.93122687316790753     
  0.225806451402604579925537109375000000          0.70249283322979228     
  0.226783968508243560791015625000000000          0.71363709744126258     
  0.227761485613882541656494140625000000          0.94703108846788342     
  0.228739002719521522521972656250000000           1.0241836748708923     
  0.229716519825160503387451171875000000          0.81110834727018155     
  0.230694036930799484252929687500000000           1.0269962796439447     
  0.231671554036438465118408203125000000           1.0624485751142161     
  0.232649071142077445983886718750000000          0.84211664697742417     
  0.233626588247716426849365234375000000           1.0925221635610478     
  0.234604105353355407714843750000000000          0.75908993311215034     
  0.235581622458994388580322265625000000           1.1523265112954246     
  0.236559139564633369445800781250000000           1.1687539345939681     
  0.237536656670272350311279296875000000          0.86505514829951358     
  0.238514173775911331176757812500000000          0.98308034362205232     
  0.239491690881550312042236328125000000           1.1300207793663477     
  0.240469207987189292907714843750000000          0.85137049931398678     
  0.241446725092828273773193359375000000           1.1929442748340835     
  0.242424242198467254638671875000000000          0.97468195913955002     
  0.243401759304106235504150390625000000           1.0312878823776073     
  0.244379276409745216369628906250000000          0.93079700637533658     
  0.245356793515384197235107421875000000           1.2243737152221943     
  0.246334310621023178100585937500000000          0.93136779538329506     
  0.247311827726662158966064453125000000          0.91892641854909873     
  0.248289344832301139831542968750000000           1.0606681003961436     
  0.249266861937940120697021484375000000          0.97260624896350212     
  0.250244379043579101562500000000000000          0.79980173054808856     
  0.251221896149218082427978515625000000           1.2007833147226010     
  0.252199413254857063293457031250000000          0.80813588717648144     
  0.253176930360496044158935546875000000          0.89109679137284814     
  0.254154447466135025024414062500000000          0.92554019865731996     
  0.255131964571774005889892578125000000           1.0009403665754788     
  0.256109481677412986755371093750000000           1.1850119090414053     
  0.257086998783051967620849609375000000          0.99215820217004436     
  0.258064515888690948486328125000000000           1.1064399491219368     
  0.259042032994329929351806640625000000          0.74194754965936205     
  0.260019550099968910217285156250000000          0.90658692831165089     
  0.260997067205607891082763671875000000          0.75846801760525351     
  0.261974584311246871948242187500000000           1.0704954320347857     
  0.262952101416885852813720703125000000           1.0706415384036871     
  0.263929618522524833679199218750000000          0.84432271932545699     
  0.264907135628163814544677734375000000          0.85112835101749384     
  0.265884652733802795410156250000000000          0.81114653931863301     
  0.266862169839441776275634765625000000          0.90172421501823319     
  0.267839686945080757141113281250000000          0.95752628581824739     
  0.268817204050719738006591796875000000          0.71455351359633046     
  0.269794721156358718872070312500000000          0.80578429871204338     
  0.270772238261997699737548828125000000           1.0134946039138040     
  0.271749755367636680603027343750000000           1.0506875507238032     
  0.272727272473275661468505859375000000           1.0779886469487632     
  0.273704789578914642333984375000000000          0.60525129696116076     
  0.274682306684553623199462890625000000          0.60236782518788679     
  0.275659823790192604064941406250000000          0.63325435216432591     
  0.276637340895831584930419921875000000          0.92116726954566830     
  0.277614858001470565795898437500000000          0.62832577903471953     
  0.278592375107109546661376953125000000          0.87892449702708397     
  0.279569892212748527526855468750000000          0.50856272055670459     
  0.280547409318387508392333984375000000          0.72925074433439796     
  0.281524926424026489257812500000000000          0.85119373140370902     
  0.282502443529665470123291015625000000          0.53261129289144771     
  0.283479960635304450988769531250000000          0.49173402608264899     
  0.284457477740943431854248046875000000          0.43035552445606984     
  0.285434994846582412719726562500000000          0.41191074463383176     
  0.286412511952221393585205078125000000          0.81461269666252334     
  0.287390029057860374450683593750000000          0.42834386438002614     
  0.288367546163499355316162109375000000          0.76437261695541203     
  0.289345063269138336181640625000000000          0.45293606434307931     
  0.290322580374777317047119140625000000          0.65050656597250711     
  0.291300097480416297912597656250000000          0.60968933513988832     
  0.292277614586055278778076171875000000          0.65825899005671185     
  0.293255131691694259643554687500000000          0.71360060771113754     
  0.294232648797333240509033203125000000          0.60888531898520637     
  0.295210165902972221374511718750000000          0.50905228000489933     
  0.296187683008611202239990234375000000          0.21492082650867764     
  0.297165200114250183105468750000000000          0.30884944791859276     
  0.298142717219889163970947265625000000          0.29088119576894517     
  0.299120234325528144836425781250000000          0.49223844826456636     
  0.300097751431167125701904296875000000          0.27292142728538971     
  0.301075268536806106567382812500000000          0.21069605569754177     
  0.302052785642445087432861328125000000          0.47247914272187702     
  0.303030302748084068298339843750000000          0.21969346445580204     
  0.304007819853723049163818359375000000           2.7640102607478675E-002
  0.304985336959362030029296875000000000          0.11538915780273107     
  0.305962854065001010894775390625000000          -6.5119574438058277E-003
  0.306940371170639991760253906250000000           3.6796892502303280E-002
  0.307917888276278972625732421875000000          -4.2197353585845948E-003
  0.308895405381917953491210937500000000          -3.5449198424802292E-002
  0.309872922487556934356689453125000000          0.24783518511190902     
  0.310850439593195915222167968750000000           2.8653694909251095E-002
  0.311827956698834896087646484375000000          0.18447543649173923     
  0.312805473804473876953125000000000000           6.9876989069849488E-002
  0.313782990910112857818603515625000000           1.5074758865264441E-002
  0.314760508015751838684082031250000000          0.13717028255795266     
  0.315738025121390819549560546875000000           2.4861737887169979E-003
  0.316715542227029800415039062500000000         -0.24333277275981660     
  0.317693059332668781280517578125000000         -0.21718894616445847     
  0.318670576438307762145996093750000000           8.1894644055432536E-002
  0.319648093543946743011474609375000000         -0.26521525254355238     
  0.320625610649585723876953125000000000         -0.26706426588166043     
  0.321603127755224704742431640625000000         -0.31638052416341861     
  0.322580644860863685607910156250000000         -0.39061288216218987     
  0.323558161966502666473388671875000000         -0.15237068918539232     
  0.324535679072141647338867187500000000         -0.34845213318263685     
  0.325513196177780628204345703125000000         -0.13746858255649383     
  0.326490713283419609069824218750000000         -0.46262684978446694     
  0.327468230389058589935302734375000000         -0.23369642357618864     
  0.328445747494697570800781250000000000         -0.45641515021805357     
  0.329423264600336551666259765625000000         -0.20238684430705411     
  0.330400781705975532531738281250000000         -0.50160735982650340     
  0.331378298811614513397216796875000000         -0.39386754486202763     
  0.332355815917253494262695312500000000         -0.59187844848110904     
  0.333333333022892475128173828125000000         -0.59291997387241557     
  0.334310850128531455993652343750000000         -0.73483161947567854     
  0.335288367234170436859130859375000000         -0.48633754839511650     
  0.336265884339809417724609375000000000         -0.70678651059479902     
  0.337243401445448398590087890625000000         -0.73202996926097574     
  0.338220918551087379455566406250000000         -0.71254211618352226     
  0.339198435656726360321044921875000000         -0.76240956177950681     
  0.340175952762365341186523437500000000         -0.62079339863117255     
  0.341153469868004322052001953125000000         -0.90383070731918314     
  0.342130986973643302917480468750000000         -0.46047150533163073     
  0.343108504079282283782958984375000000         -0.44958862186835125     
  0.344086021184921264648437500000000000         -0.66909162703204583     
  0.345063538290560245513916015625000000         -0.59378673368836954     
  0.346041055396199226379394531250000000         -0.80535597746215792     
  0.347018572501838207244873046875000000         -0.87956125473071389     
  0.347996089607477188110351562500000000         -0.95846486032526490     
  0.348973606713116168975830078125000000         -0.99927373340206904     
  0.349951123818755149841308593750000000         -0.88440814069221685     
  0.350928640924394130706787109375000000         -0.59754663625996729     
  0.351906158030033111572265625000000000         -0.87324008266574360     
  0.352883675135672092437744140625000000         -0.77658698886727873     
  0.353861192241311073303222656250000000          -1.1115158400023142     
  0.354838709346950054168701171875000000         -0.70093342064917341     
  0.355816226452589035034179687500000000         -0.78666165559037537     
  0.356793743558228015899658203125000000          -1.0261143164106716     
  0.357771260663866996765136718750000000         -0.82838936004876129     
  0.358748777769505977630615234375000000         -0.86693263816424027     
  0.359726294875144958496093750000000000         -0.77723646743918584     
  0.360703811980783939361572265625000000         -0.72280285014861034     
  0.361681329086422920227050781250000000         -0.96285553860400075     
  0.362658846192061901092529296875000000         -0.70323486520126510     
  0.363636363297700881958007812500000000         -0.75668389898688559     
  0.364613880403339862823486328125000000         -0.88743623708775643     
  0.365591397508978843688964843750000000          -1.0731090893193151     
  0.366568914614617824554443359375000000          -1.0667113293770811     
  0.367546431720256805419921875000000000         -0.94222305480065749     
  0.368523948825895786285400390625000000         -0.92381032769878435     
  0.369501465931534767150878906250000000         -0.83842372876527227     
  0.370478983037173748016357421875000000         -0.83086441632524177     
  0.371456500142812728881835937500000000          -1.1345895141406614     
  0.372434017248451709747314453125000000         -0.88806964066405514     
  0.373411534354090690612792968750000000         -0.84948763977776232     
  0.374389051459729671478271484375000000         -0.82961279257561571     
  0.375366568565368652343750000000000000         -0.91346479611974718     
  0.376344085671007633209228515625000000          -1.1042880288859722     
  0.377321602776646614074707031250000000          -1.0761147115117522     
  0.378299119882285594940185546875000000          -1.0618573417779089     
  0.379276636987924575805664062500000000          -1.1571247464950996     
  0.380254154093563556671142578125000000         -0.74852525649858470     
  0.381231671199202537536621093750000000         -0.89161947992437851     
  0.382209188304841518402099609375000000          -1.0402085225265656     
  0.383186705410480499267578125000000000          -1.0716429189085206     
  0.384164222516119480133056640625000000          -1.1264757195655379     
  0.385141739621758460998535156250000000          -1.1471899829209409     
  0.386119256727397441864013671875000000          -1.0571362205991170     
  0.387096773833036422729492187500000000         -0.80219962003478318     
  0.388074290938675403594970703125000000         -0.92469728630744352     
  0.389051808044314384460449218750000000         -0.97404350408401186     
  0.390029325149953365325927734375000000          -1.0986703568348655     
  0.391006842255592346191406250000000000         -0.84229713157451580     
  0.391984359361231327056884765625000000         -0.91547880931760839     
  0.392961876466870307922363281250000000          -1.1046440742267210     
  0.393939393572509288787841796875000000          -1.0759937432206512     
  0.394916910678148269653320312500000000         -0.79694889261554724     
  0.395894427783787250518798828125000000          -1.0105937950384247     
  0.396871944889426231384277343750000000         -0.67505469799757312     
  0.397849461995065212249755859375000000          -1.0349475332922664     
  0.398826979100704193115234375000000000         -0.98247117255909333     
  0.399804496206343173980712890625000000         -0.70913775014881408     
  0.400782013311982154846191406250000000         -0.57218157548740123     
  0.401759530417621135711669921875000000         -0.76487347307598985     
  0.402737047523260116577148437500000000         -0.67296150633406449     
  0.403714564628899097442626953125000000         -0.88263956504536434     
  0.404692081734538078308105468750000000         -0.95450329007790036     
  0.405669598840177059173583984375000000         -0.85159314807035924     
  0.406647115945816040039062500000000000         -0.92532881839999648     
  0.407624633051455020904541015625000000         -0.62889776046731349     
  0.408602150157094001770019531250000000         -0.86058584203624855     
  0.409579667262732982635498046875000000         -0.80386236047620441     
  0.410557184368371963500976562500000000         -0.49669880977940956     
  0.411534701474010944366455078125000000         -0.40722526611244503     
  0.412512218579649925231933593750000000         -0.53236017949526504     
  0.413489735685288906097412109375000000         -0.45324666135079950     
  0.414467252790927886962890625000000000         -0.51594013999006705     
  0.415444769896566867828369140625000000         -0.45642024266754549     
  0.416422287002205848693847656250000000         -0.63885381192979662     
  0.417399804107844829559326171875000000         -0.63649606049157992     
  0.418377321213483810424804687500000000         -0.71117437468018385     
  0.419354838319122791290283203125000000         -0.23500701553821754     
  0.420332355424761772155761718750000000         -0.44026299546598252     
  0.421309872530400753021240234375000000         -0.18264228182295367     
  0.422287389636039733886718750000000000         -0.17229912720937302     
  0.423264906741678714752197265625000000         -0.57572597267758396     
  0.424242423847317695617675781250000000         -0.30821370515735874     
  0.425219940952956676483154296875000000         -0.23955061079047540     
  0.426197458058595657348632812500000000          -8.6607981236514434E-002
  0.427174975164234638214111328125000000         -0.12668149129465120     
  0.428152492269873619079589843750000000         -0.17170681608668834     
  0.429130009375512599945068359375000000          -2.7174661098334760E-002
  0.430107526481151580810546875000000000         -0.11589992035197354     
  0.431085043586790561676025390625000000           3.7414520527143731E-002
  0.432062560692429542541503906250000000          -4.4392824440513720E-002
  0.433040077798068523406982421875000000         -0.11375051545833104     
  0.434017594903707504272460937500000000         -0.31370130884801284     
  0.434995112009346485137939453125000000         -0.12727050542160415     
  0.435972629114985466003417968750000000         -0.26548188675354317     
  0.436950146220624446868896484375000000         -0.16320374097499024     
  0.437927663326263427734375000000000000         -0.13647263767360426     
  0.438905180431902408599853515625000000           4.3001380383913733E-002
  0.439882697537541389465332031250000000          0.30534969077628638     
  0.440860214643180370330810546875000000          0.17984860755868357     
  0.441837731748819351196289062500000000          0.23862792329857982     
  0.442815248854458332061767578125000000           3.1721125081157001E-002
  0.443792765960097312927246093750000000          -4.9789775559741345E-002
  0.444770283065736293792724609375000000          -8.2733862238182961E-003
  0.445747800171375274658203125000000000          0.28973199864123778     
  0.446725317277014255523681640625000000          0.36916771789569436     
  0.447702834382653236389160156250000000          0.41861535159986241     
  0.448680351488292217254638671875000000          0.29375032720754690     
  0.449657868593931198120117187500000000          0.38779796731881822     
  0.450635385699570178985595703125000000          0.22685610516141946     
  0.451612902805209159851074218750000000          0.59209371233315078     
  0.452590419910848140716552734375000000          0.45447464955962752     
  0.453567937016487121582031250000000000          0.24806069638673070     
  0.454545454122126102447509765625000000          0.41107444763466167     
  0.455522971227765083312988281250000000          0.56793260216475516     
  0.456500488333404064178466796875000000          0.24211667233525760     
  0.457478005439043045043945312500000000          0.52620835105054276     
  0.458455522544682025909423828125000000          0.66500290453660749     
  0.459433039650321006774902343750000000          0.36138361163170907     
  0.460410556755959987640380859375000000          0.60387854117952866     
  0.461388073861598968505859375000000000          0.50694368073387874     
  0.462365590967237949371337890625000000          0.59888462408822718     
  0.463343108072876930236816406250000000          0.44150716737862322     
  0.464320625178515911102294921875000000          0.78985467028225709     
  0.465298142284154891967773437500000000          0.84106339264061925     
  0.466275659389793872833251953125000000          0.82626335127682238     
  0.467253176495432853698730468750000000          0.77474594721104040     
  0.468230693601071834564208984375000000          0.77482175866429870     
  0.469208210706710815429687500000000000          0.82148378520751331     
  0.470185727812349796295166015625000000          0.94198543929632372     
  0.471163244917988777160644531250000000          0.63368564573769826     
  0.472140762023627758026123046875000000          0.91187112056452924     
  0.473118279129266738891601562500000000          0.53180985203987774     
  0.474095796234905719757080078125000000          0.65841177376210014     
  0.475073313340544700622558593750000000          0.66794626036274640     
  0.476050830446183681488037109375000000          0.64489122633155482     
  0.477028347551822662353515625000000000          0.62186214943367546     
  0.478005864657461643218994140625000000          0.71959812112678578     
  0.478983381763100624084472656250000000          0.69292258708181265     
  0.479960898868739604949951171875000000           1.1179350089615359     
  0.480938415974378585815429687500000000          0.95320557618310209     
  0.481915933080017566680908203125000000          0.78290743036253563     
  0.482893450185656547546386718750000000          0.78452880756485444     
  0.483870967291295528411865234375000000          0.97744904717783554     
  0.484848484396934509277343750000000000          0.78847611773450044     
  0.485826001502573490142822265625000000          0.94174892248347364     
  0.486803518608212471008300781250000000           1.0966824782163098     
  0.487781035713851451873779296875000000           1.2016187916473280     
  0.488758552819490432739257812500000000           1.1253268781134442     
  0.489736069925129413604736328125000000           1.1298019610001662     
  0.490713587030768394470214843750000000          0.99813017813354077     
  0.491691104136407375335693359375000000           1.2003747417257014     
  0.492668621242046356201171875000000000          0.79461526733935472     
  0.493646138347685337066650390625000000           1.0637527075702555     
  0.494623655453324317932128906250000000           1.1173346031005846     
  0.495601172558963298797607421875000000           1.1641923146947863     
  0.496578689664602279663085937500000000           1.2305984623717716     
  0.497556206770241260528564453125000000           1.0327019084845908     
  0.498533723875880241394042968750000000           1.2068598361722813     
  0.499511240981519222259521484375000000           1.1547246222523659     
  0.500488758087158203125000000000000000           1.1501871146002580     
  0.501466275192797183990478515625000000          0.78823160152301230     
  0.502443792298436164855957031250000000           1.1321987257528006     
  0.503421309404075145721435546875000000           1.0768351653663364     
  0.504398826509714126586914062500000000           1.0520123543359934     
  0.505376343615353107452392578125000000          0.91338663431988054     
  0.506353860720992088317871093750000000          0.83281516214651319     
  0.507331377826631069183349609375000000          0.88709710173994483     
  0.508308894932270050048828125000000000          0.81948302361449454     
  0.509286412037909030914306640625000000          0.77445865308560080     
  0.510263929143548011779785156250000000           1.1291586888174894     
  0.511241446249186992645263671875000000          0.93426004662924078     
  0.512218963354825973510742187500000000          0.85141338854587423     
  0.513196480460464954376220703125000000           1.1781983142061465     
  0.514173997566103935241699218750000000           1.0381496858625769     
  0.515151514671742916107177734375000000           1.0097522267752295     
  0.516129031777381896972656250000000000          0.76643226781923823     
  0.517106548883020877838134765625000000           1.1315182951328255     
  0.518084065988659858703613281250000000           1.0881539186161506     
  0.519061583094298839569091796875000000          0.77806686955499560     
  0.520039100199937820434570312500000000          0.98952347654898332     
  0.521016617305576801300048828125000000           1.0824732468459088     
  0.521994134411215782165527343750000000          0.93220001325254642     
  0.522971651516854763031005859375000000          0.69734734220738981     
  0.523949168622493743896484375000000000          0.76505606717752817     
  0.524926685728132724761962890625000000          0.73688971372109535     
  0.525904202833771705627441406250000000          0.91245268677855829     
  0.526881719939410686492919921875000000          0.91391508796543774     
  0.527859237045049667358398437500000000          0.87399968732764910     
  0.528836754150688648223876953125000000          0.71925783085150108     
  0.529814271256327629089355468750000000          0.58771756547592557     
  0.530791788361966609954833984375000000          0.85758997922469016     
  0.531769305467605590820312500000000000          0.94312889159780700     
  0.532746822573244571685791015625000000          0.50353772281572629     
  0.533724339678883552551269531250000000          0.61562062074831903     
  0.534701856784522533416748046875000000          0.66435179686986234     
  0.535679373890161514282226562500000000          0.47672564991265048     
  0.536656890995800495147705078125000000          0.67387959947073761     
  0.537634408101439476013183593750000000          0.60282715876466142     
  0.538611925207078456878662109375000000          0.75737627716120837     
  0.539589442312717437744140625000000000          0.51125396051209149     
  0.540566959418356418609619140625000000          0.72996186920043260     
  0.541544476523995399475097656250000000          0.31560786521897694     
  0.542521993629634380340576171875000000          0.23252936660594398     
  0.543499510735273361206054687500000000          0.29461691147103947     
  0.544477027840912342071533203125000000          0.43144673386968080     
  0.545454544946551322937011718750000000          0.22447676615244641     
  0.546432062052190303802490234375000000          0.21340502706295000     
  0.547409579157829284667968750000000000          0.40882114094516181     
  0.548387096263468265533447265625000000          0.46750914455377335     
  0.549364613369107246398925781250000000          0.54588172333020957     
  0.550342130474746227264404296875000000          0.32494567956877574     
  0.551319647580385208129882812500000000          0.11631337380420423     
  0.552297164686024188995361328125000000          0.43286369972441247     
  0.553274681791663169860839843750000000          0.14231414061049366     
  0.554252198897302150726318359375000000          0.38754908142115102     
  0.555229716002941131591796875000000000          0.40174086198658093     
  0.556207233108580112457275390625000000          0.22025551274445473     
  0.557184750214219093322753906250000000          0.31228812305910569     
  0.558162267319858074188232421875000000          0.24824495119782000     
  0.559139784425497055053710937500000000           3.6431889954194711E-002
  0.560117301531136035919189453125000000          -7.5031965345186052E-002
  0.561094818636775016784667968750000000           2.1687514853787629E-002
  0.562072335742413997650146484375000000          0.22139712928459673     
  0.563049852848052978515625000000000000          0.15415824528200495     
  0.564027369953691959381103515625000000         -0.17578062531184227     
  0.565004887059330940246582031250000000         -0.31233153508756212     
  0.565982404164969921112060546875000000          0.11247428617108718     
  0.566959921270608901977539062500000000         -0.10093964393863594     
  0.567937438376247882843017578125000000           6.1242743903838513E-002
  0.568914955481886863708496093750000000         -0.23991636460290383     
  0.569892472587525844573974609375000000         -0.12438250955110859     
  0.570869989693164825439453125000000000          -2.8769248006372827E-002
  0.571847506798803806304931640625000000         -0.40000571914690169     
  0.572825023904442787170410156250000000         -0.40844751883273267     
  0.573802541010081768035888671875000000          -3.2562784064178354E-002
  0.574780058115720748901367187500000000         -0.19139533732285263     
  0.575757575221359729766845703125000000         -0.42468071864987117     
  0.576735092326998710632324218750000000         -0.44545669382036918     
  0.577712609432637691497802734375000000         -0.12809214760797755     
  0.578690126538276672363281250000000000         -0.17272977162692393     
  0.579667643643915653228759765625000000         -0.54740430494161751     
  0.580645160749554634094238281250000000         -0.56871279156516896     
  0.581622677855193614959716796875000000         -0.44224930205040297     
  0.582600194960832595825195312500000000         -0.26137846864537589     
  0.583577712066471576690673828125000000         -0.68361336215350488     
  0.584555229172110557556152343750000000         -0.76748321464536295     
  0.585532746277749538421630859375000000         -0.50296059886774536     
  0.586510263383388519287109375000000000         -0.64092379677722244     
  0.587487780489027500152587890625000000         -0.54829476816881850     
  0.588465297594666481018066406250000000         -0.63808238264549166     
  0.589442814700305461883544921875000000         -0.71692198294018628     
  0.590420331805944442749023437500000000         -0.44240182625044983     
  0.591397848911583423614501953125000000         -0.75892531392378282     
  0.592375366017222404479980468750000000         -0.85041110458353808     
  0.593352883122861385345458984375000000         -0.90844795880823281     
  0.594330400228500366210937500000000000         -0.62591963259982664     
  0.595307917334139347076416015625000000         -0.51307023214000358     
  0.596285434439778327941894531250000000         -0.55596869424207296     
  0.597262951545417308807373046875000000         -0.82160654071680006     
  0.598240468651056289672851562500000000         -0.61061390664791870     
  0.599217985756695270538330078125000000         -0.77968092138824274     
  0.600195502862334251403808593750000000         -0.60304737536021213     
  0.601173019967973232269287109375000000         -0.92284572342913507     
  0.602150537073612213134765625000000000          -1.0107681914064059     
  0.603128054179251194000244140625000000          -1.0240189071828918     
  0.604105571284890174865722656250000000         -0.81662051960873783     
  0.605083088390529155731201171875000000         -0.96066578483648246     
  0.606060605496168136596679687500000000         -0.77107868634806065     
  0.607038122601807117462158203125000000         -0.82568842684241239     
  0.608015639707446098327636718750000000         -0.99725768273169690     
  0.608993156813085079193115234375000000         -0.80647564703718144     
  0.609970673918724060058593750000000000          -1.0239805698135678     
  0.610948191024363040924072265625000000          -1.0985763990813078     
  0.611925708130002021789550781250000000         -0.78297674660865768     
  0.612903225235641002655029296875000000         -0.88955815007335870     
  0.613880742341279983520507812500000000          -1.1006459777181890     
  0.614858259446918964385986328125000000          -1.1134388376509015     
  0.615835776552557945251464843750000000         -0.95063119539171226     
  0.616813293658196926116943359375000000         -0.82613644487742166     
  0.617790810763835906982421875000000000          -1.0121095270281186     
  0.618768327869474887847900390625000000         -0.75481580136118986     
  0.619745844975113868713378906250000000          -1.1177844431390171     
  0.620723362080752849578857421875000000          -1.0839129087359662     
  0.621700879186391830444335937500000000          -1.1687301226402176     
  0.622678396292030811309814453125000000         -0.82102602819819692     
  0.623655913397669792175292968750000000          -1.0954536136966564     
  0.624633430503308773040771484375000000         -0.88335917768072492     
  0.625610947608947753906250000000000000         -0.79791336435410098     
  0.626588464714586734771728515625000000         -0.88901798724576064     
  0.627565981820225715637207031250000000         -0.86618036197427228     
  0.628543498925864696502685546875000000         -0.98456708863644837     
  0.629521016031503677368164062500000000          -1.1969163116433419     
  0.630498533137142658233642578125000000         -0.81288355554246661     
  0.631476050242781639099121093750000000          -1.1863102761749582     
  0.632453567348420619964599609375000000         -0.98332193400100476     
  0.633431084454059600830078125000000000          -1.2004025100344151     
  0.634408601559698581695556640625000000          -1.1350125612475725     
  0.635386118665337562561035156250000000         -0.78349312818133920     
  0.636363635770976543426513671875000000         -0.86192412526488837     
  0.637341152876615524291992187500000000         -0.85630639995194091     
  0.638318669982254505157470703125000000         -0.74845349787565263     
  0.639296187087893486022949218750000000         -0.68845386873564662     
  0.640273704193532466888427734375000000         -0.81924877427137732     
  0.641251221299171447753906250000000000         -0.95483227956423755     
  0.642228738404810428619384765625000000         -0.97833336463775611     
  0.643206255510449409484863281250000000          -1.0770850542939798     
  0.644183772616088390350341796875000000         -0.98369011534106421     
  0.645161289721727371215820312500000000         -0.82733360599626471     
  0.646138806827366352081298828125000000         -0.73152358661563643     
  0.647116323933005332946777343750000000         -0.98104791329532559     
  0.648093841038644313812255859375000000          -1.0128786464597108     
  0.649071358144283294677734375000000000         -0.93050946195006567     
  0.650048875249922275543212890625000000         -0.98753140855386423     
  0.651026392355561256408691406250000000         -0.97022701591296001     
  0.652003909461200237274169921875000000         -0.61339100411692260     
  0.652981426566839218139648437500000000         -0.99036830321722014     
  0.653958943672478199005126953125000000         -0.86563169891529412     
  0.654936460778117179870605468750000000         -0.58385682316244047     
  0.655913977883756160736083984375000000         -0.59911966144238205     
  0.656891494989395141601562500000000000         -0.91905070430868718     
  0.657869012095034122467041015625000000         -0.78324202011387689     
  0.658846529200673103332519531250000000         -0.57749458929992525     
  0.659824046306312084197998046875000000         -0.58120066583277785     
  0.660801563411951065063476562500000000         -0.65201414149627801     
  0.661779080517590045928955078125000000         -0.66297955033087941     
  0.662756597623229026794433593750000000         -0.56749122593785983     
  0.663734114728868007659912109375000000         -0.46814518154473206     
  0.664711631834506988525390625000000000         -0.60259708366197429     
  0.665689148940145969390869140625000000         -0.70518943559624869     
  0.666666666045784950256347656250000000         -0.60130151842269874     
  0.667644183151423931121826171875000000         -0.66397943291885508     
  0.668621700257062911987304687500000000         -0.40437988962283883     
  0.669599217362701892852783203125000000         -0.39882930300156716     
  0.670576734468340873718261718750000000         -0.29458145220006177     
  0.671554251573979854583740234375000000         -0.30344050756322971     
  0.672531768679618835449218750000000000         -0.58755675732649826     
  0.673509285785257816314697265625000000         -0.48940251685834602     
  0.674486802890896797180175781250000000         -0.29005113611429328     
  0.675464319996535778045654296875000000         -0.23682263588305627     
  0.676441837102174758911132812500000000          -8.1522108262301732E-002
  0.677419354207813739776611328125000000          -1.2694728395775364E-002
  0.678396871313452720642089843750000000          -8.9365275383838219E-002
  0.679374388419091701507568359375000000          -8.6627092325611180E-002
  0.680351905524730682373046875000000000           5.5620260858167098E-002
  0.681329422630369663238525390625000000          -7.7528924427042165E-002
  0.682306939736008644104003906250000000         -0.19496095532830776     
  0.683284456841647624969482421875000000         -0.13583563290011957     
  0.684261973947286605834960937500000000           5.3244852794920115E-003
  0.685239491052925586700439453125000000         -0.28170955283833254     
  0.686217008158564567565917968750000000          0.19973296282024708     
  0.687194525264203548431396484375000000         -0.16735885283309340     
  0.688172042369842529296875000000000000         -0.12773078871613178     
  0.689149559475481510162353515625000000         -0.20383316751579961     
  0.690127076581120491027832031250000000         -0.16934118474172710     
  0.691104593686759471893310546875000000          -1.5117244953209853E-002
  0.692082110792398452758789062500000000          -9.2449899898070564E-002
  0.693059627898037433624267578125000000          -3.8037756732985324E-002
  0.694037145003676414489746093750000000          0.11149557009141108     
  0.695014662109315395355224609375000000          0.32985167711120383     
  0.695992179214954376220703125000000000          0.27283128649543759     
  0.696969696320593357086181640625000000          0.23615871559105703     
  0.697947213426232337951660156250000000          0.36626476056294593     
  0.698924730531871318817138671875000000          0.34357626606589931     
  0.699902247637510299682617187500000000          0.37898066157091531     
  0.700879764743149280548095703125000000           9.8013293415965486E-002
  0.701857281848788261413574218750000000          0.25939362493136664     
  0.702834798954427242279052734375000000          0.23723495487820198     
  0.703812316060066223144531250000000000          0.46072742344394452     
  0.704789833165705204010009765625000000          0.24413217991909184     
  0.705767350271344184875488281250000000          0.35349209393456921     
  0.706744867376983165740966796875000000          0.37219598089142925     
  0.707722384482622146606445312500000000          0.37519030197286551     
  0.708699901588261127471923828125000000          0.51310216850450785     
  0.709677418693900108337402343750000000          0.62845604595465954     
  0.710654935799539089202880859375000000          0.58881183086638933     
  0.711632452905178070068359375000000000          0.34809222716565280     
  0.712609970010817050933837890625000000          0.81563604445442262     
  0.713587487116456031799316406250000000          0.67897812228836729     
  0.714565004222095012664794921875000000          0.53393423199378887     
  0.715542521327733993530273437500000000          0.52752085981081087     
  0.716520038433372974395751953125000000          0.56033097859845482     
  0.717497555539011955261230468750000000          0.88190692770780577     
  0.718475072644650936126708984375000000          0.94460833248665388     
  0.719452589750289916992187500000000000          0.71600916208712639     
  0.720430106855928897857666015625000000          0.78366870500219243     
  0.721407623961567878723144531250000000          0.69224826217746582     
  0.722385141067206859588623046875000000          0.57846987171403574     
  0.723362658172845840454101562500000000          0.87538651394853595     
  0.724340175278484821319580078125000000          0.69537103594958438     
  0.725317692384123802185058593750000000          0.58859692717939294     
  0.726295209489762783050537109375000000          0.61253068253112475     
  0.727272726595401763916015625000000000          0.96492041474911572     
  0.728250243701040744781494140625000000          0.72916524481078115     
  0.729227760806679725646972656250000000           1.0270806989351764     
  0.730205277912318706512451171875000000          0.63525523211908386     
  0.731182795017957687377929687500000000          0.73514314238770850     
  0.732160312123596668243408203125000000           1.0750859323429378     
  0.733137829229235649108886718750000000           1.0869242311325837     
  0.734115346334874629974365234375000000          0.87351536752113845     
  0.735092863440513610839843750000000000           1.0150098596736690     
  0.736070380546152591705322265625000000           1.1637485847530673     
  0.737047897651791572570800781250000000          0.81997629108219505     
  0.738025414757430553436279296875000000          0.85699218155722912     
  0.739002931863069534301757812500000000          0.91417918964189415     
  0.739980448968708515167236328125000000          0.95571603689201667     
  0.740957966074347496032714843750000000          0.81833754393024694     
  0.741935483179986476898193359375000000          0.91780241387944694     
  0.742913000285625457763671875000000000          0.94655298140285771     
  0.743890517391264438629150390625000000          0.80993111532874018     
  0.744868034496903419494628906250000000           1.2085773018532857     
  0.745845551602542400360107421875000000           1.2290379121581620     
  0.746823068708181381225585937500000000           1.0560893553843664     
  0.747800585813820362091064453125000000          0.80262586959684368     
  0.748778102919459342956542968750000000           1.0722609376645873     
  0.749755620025098323822021484375000000           1.1885177099274942     
  0.750733137130737304687500000000000000          0.90914605313716212     
  0.751710654236376285552978515625000000           1.0114733677827397     
  0.752688171342015266418457031250000000           1.2185551802148524     
  0.753665688447654247283935546875000000          0.76183875815048963     
  0.754643205553293228149414062500000000           1.1900488250621974     
  0.755620722658932209014892578125000000          0.81339111084316040     
  0.756598239764571189880371093750000000          0.89780401136830434     
  0.757575756870210170745849609375000000          0.87129147865197487     
  0.758553273975849151611328125000000000           1.1201523699589331     
  0.759530791081488132476806640625000000           1.0968530500498068     
  0.760508308187127113342285156250000000          0.92209045209766716     
  0.761485825292766094207763671875000000          0.89971882184134711     
  0.762463342398405075073242187500000000          0.84346588534163336     
  0.763440859504044055938720703125000000          0.85339367607692418     
  0.764418376609683036804199218750000000           1.1733141253271122     
  0.765395893715322017669677734375000000          0.78737886238568366     
  0.766373410820960998535156250000000000           1.0869375982114848     
  0.767350927926599979400634765625000000          0.77334360173054617     
  0.768328445032238960266113281250000000          0.92297344135295833     
  0.769305962137877941131591796875000000          0.64612397241009134     
  0.770283479243516921997070312500000000          0.72022282133625171     
  0.771260996349155902862548828125000000          0.72286401000924871     
  0.772238513454794883728027343750000000          0.91139564250943095     
  0.773216030560433864593505859375000000           1.0273337544056074     
  0.774193547666072845458984375000000000          0.84748325410501257     
  0.775171064771711826324462890625000000           1.0114448421060742     
  0.776148581877350807189941406250000000          0.68535644511063831     
  0.777126098982989788055419921875000000          0.90787506703037391     
  0.778103616088628768920898437500000000          0.65919611228501018     
  0.779081133194267749786376953125000000          0.74944010528833760     
  0.780058650299906730651855468750000000          0.55183982915075147     
  0.781036167405545711517333984375000000          0.79034608705504872     
  0.782013684511184692382812500000000000          0.62953316958759242     
  0.782991201616823673248291015625000000          0.48881669203308131     
  0.783968718722462654113769531250000000          0.59081875102874459     
  0.784946235828101634979248046875000000          0.80882560203291687     
  0.785923752933740615844726562500000000          0.55400453200655886     
  0.786901270039379596710205078125000000          0.63290399682831622     
  0.787878787145018577575683593750000000          0.69059811112162717     
  0.788856304250657558441162109375000000          0.44382447813785769     
  0.789833821356296539306640625000000000          0.53541648684616505     
  0.790811338461935520172119140625000000          0.31947100278928647     
  0.791788855567574501037597656250000000          0.73132562220680231     
  0.792766372673213481903076171875000000          0.70104268228331801     
  0.793743889778852462768554687500000000          0.22485216393089874     
  0.794721406884491443634033203125000000          0.54134198760077878     
  0.795698923990130424499511718750000000          0.24014199383382362     
  0.796676441095769405364990234375000000          0.48094536151302619     
  0.797653958201408386230468750000000000          0.56883273066352258     
  0.798631475307047367095947265625000000          0.47012030890064910     
  0.799608992412686347961425781250000000          0.26927609342947317     
  0.800586509518325328826904296875000000          0.31994011877896378     
  0.801564026623964309692382812500000000          0.16461558719044367     
  0.802541543729603290557861328125000000          0.26883660122761371     
  0.803519060835242271423339843750000000           2.6487828738760540E-002
  0.804496577940881252288818359375000000          0.18045713925675355     
  0.805474095046520233154296875000000000          0.15748961772200434     
  0.806451612152159214019775390625000000           9.8645495593483165E-002
  0.807429129257798194885253906250000000          -3.6672912868146411E-002
  0.808406646363437175750732421875000000          -2.3020753572065563E-002
  0.809384163469076156616210937500000000         -0.16539512208173190     
  0.810361680574715137481689453125000000           6.1538945144665146E-002
  0.811339197680354118347167968750000000          0.15087791776972351     
  0.812316714785993099212646484375000000         -0.10346444613049607     
  0.813294231891632080078125000000000000          0.18173449370084835     
  0.814271748997271060943603515625000000          0.19197263368945711     
  0.815249266102910041809082031250000000           3.7204527011495542E-002
  0.816226783208549022674560546875000000          -6.5460851023795300E-002
  0.817204300314188003540039062500000000         -0.28244431763371686     
  0.818181817419826984405517578125000000         -0.15554340131700184     
  0.819159334525465965270996093750000000          -3.4525733360351603E-004
  0.820136851631104946136474609375000000         -0.21989986800675837     
  0.821114368736743927001953125000000000         -0.10789369762662165     
  0.822091885842382907867431640625000000         -0.22181124442432484     
  0.823069402948021888732910156250000000         -0.36062549295257812     
  0.824046920053660869598388671875000000         -0.41208839039592743     
  0.825024437159299850463867187500000000         -0.39057154085096168     
  0.826001954264938831329345703125000000         -0.48683141638199323     
  0.826979471370577812194824218750000000         -0.30366879136876879     
  0.827956988476216793060302734375000000         -0.50759615121294632     
  0.828934505581855773925781250000000000         -0.45963178068303012     
  0.829912022687494754791259765625000000         -0.58704496812571016     
  0.830889539793133735656738281250000000         -0.51296977627216189     
  0.831867056898772716522216796875000000         -0.46406586120673771     
  0.832844574004411697387695312500000000         -0.38942556471743461     
  0.833822091110050678253173828125000000         -0.42939648642320943     
  0.834799608215689659118652343750000000         -0.39956135396329656     
  0.835777125321328639984130859375000000         -0.45267574786772075     
  0.836754642426967620849609375000000000         -0.40325881219798743     
  0.837732159532606601715087890625000000         -0.65098673491073156     
  0.838709676638245582580566406250000000         -0.41413427880998738     
  0.839687193743884563446044921875000000         -0.66715874704296041     
  0.840664710849523544311523437500000000         -0.57104059085161984     
  0.841642227955162525177001953125000000         -0.57553628876648000     
  0.842619745060801506042480468750000000         -0.79431419440863271     
  0.843597262166440486907958984375000000         -0.62367749506025560     
  0.844574779272079467773437500000000000         -0.55739421729429695     
  0.845552296377718448638916015625000000         -0.92318290167993233     
  0.846529813483357429504394531250000000         -0.99991224614589092     
  0.847507330588996410369873046875000000         -0.77928401929119329     
  0.848484847694635391235351562500000000         -0.58568245979176992     
  0.849462364800274372100830078125000000         -0.57424172331807222     
  0.850439881905913352966308593750000000         -0.99871178627989754     
  0.851417399011552333831787109375000000         -0.70917000801307695     
  0.852394916117191314697265625000000000         -0.85382664963605603     
  0.853372433222830295562744140625000000         -0.77784864578862412     
  0.854349950328469276428222656250000000         -0.94948546868084560     
  0.855327467434108257293701171875000000         -0.84563943496525684     
  0.856304984539747238159179687500000000         -0.80665953495450460     
  0.857282501645386219024658203125000000          -1.0928297280373402     
  0.858260018751025199890136718750000000         -0.73140149685611078     
  0.859237535856664180755615234375000000         -0.70527543888530086     
  0.860215052962303161621093750000000000         -0.95536464919622976     
  0.861192570067942142486572265625000000         -0.83960108050860049     
  0.862170087173581123352050781250000000          -1.0378163185282629     
  0.863147604279220104217529296875000000          -1.1692753175038693     
  0.864125121384859085083007812500000000         -0.78269629209521752     
  0.865102638490498065948486328125000000         -0.82538854348382784     
  0.866080155596137046813964843750000000          -1.0517132102165878     
  0.867057672701776027679443359375000000         -0.89534576363199769     
  0.868035189807415008544921875000000000          -1.2171575852030800     
  0.869012706913053989410400390625000000         -0.88036292744167677     
  0.869990224018692970275878906250000000          -1.1614477540042947     
  0.870967741124331951141357421875000000         -0.99693896806529747     
  0.871945258229970932006835937500000000          -1.0347555975558391     
  0.872922775335609912872314453125000000          -1.0567507097542737     
  0.873900292441248893737792968750000000          -1.0318347406750836     
  0.874877809546887874603271484375000000          -1.1750177047706774     
  0.875855326652526855468750000000000000          -1.1997238501063756     
  0.876832843758165836334228515625000000         -0.89033644348117491     
  0.877810360863804817199707031250000000         -0.99487295680298204     
  0.878787877969443798065185546875000000         -0.85723728405596000     
  0.879765395075082778930664062500000000         -0.88643887499924523     
  0.880742912180721759796142578125000000         -0.80472489354706145     
  0.881720429286360740661621093750000000         -0.92414516083168474     
  0.882697946391999721527099609375000000         -0.86922426639204564     
  0.883675463497638702392578125000000000         -0.74970804322834239     
  0.884652980603277683258056640625000000         -0.79440280603098246     
  0.885630497708916664123535156250000000         -0.72427376821085732     
  0.886608014814555644989013671875000000         -0.77441411291569817     
  0.887585531920194625854492187500000000          -1.0675791372482546     
  0.888563049025833606719970703125000000         -0.81308404680508095     
  0.889540566131472587585449218750000000         -0.79986325188356511     
  0.890518083237111568450927734375000000         -0.93666390370939856     
  0.891495600342750549316406250000000000         -0.77493523485187765     
  0.892473117448389530181884765625000000         -0.93419730978302695     
  0.893450634554028511047363281250000000         -0.76156449862843367     
  0.894428151659667491912841796875000000         -0.63844312876051490     
  0.895405668765306472778320312500000000         -0.78433007670414534     
  0.896383185870945453643798828125000000         -0.93889414221606282     
  0.897360702976584434509277343750000000         -0.94575193197413121     
  0.898338220082223415374755859375000000         -0.89550658940283190     
  0.899315737187862396240234375000000000         -0.74306407662015839     
  0.900293254293501377105712890625000000         -0.81674145347784610     
  0.901270771399140357971191406250000000         -0.72772991050033675     
  0.902248288504779338836669921875000000          -1.0098640132966998     
  0.903225805610418319702148437500000000         -0.87452651576389839     
  0.904203322716057300567626953125000000         -0.83189158521604434     
  0.905180839821696281433105468750000000         -0.92818706520002492     
  0.906158356927335262298583984375000000         -0.52612654463054664     
  0.907135874032974243164062500000000000         -0.87057511215540673     
  0.908113391138613224029541015625000000         -0.58235329618495235     
  0.909090908244252204895019531250000000         -0.42049984692256720     
  0.910068425349891185760498046875000000         -0.73029505676793893     
  0.911045942455530166625976562500000000         -0.79264571682076179     
  0.912023459561169147491455078125000000         -0.68597774443198667     
  0.913000976666808128356933593750000000         -0.53548062084710024     
  0.913978493772447109222412109375000000         -0.49752428590310632     
  0.914956010878086090087890625000000000         -0.51285820210571798     
  0.915933527983725070953369140625000000         -0.70291279640546400     
  0.916911045089364051818847656250000000         -0.33083491471505250     
  0.917888562195003032684326171875000000         -0.47969832822624819     
  0.918866079300642013549804687500000000         -0.63402682170927005     
  0.919843596406280994415283203125000000         -0.22034854934861162     
  0.920821113511919975280761718750000000         -0.54648687940893503     
  0.921798630617558956146240234375000000         -0.40653477278106825     
  0.922776147723197937011718750000000000         -0.47961300645892202     
  0.923753664828836917877197265625000000         -0.29300989619799117     
  0.924731181934475898742675781250000000         -0.43943751089043614     
  0.925708699040114879608154296875000000         -0.28130709870522458     
  0.926686216145753860473632812500000000         -0.15412336095700777     
  0.927663733251392841339111328125000000         -0.31216365616222697     
  0.928641250357031822204589843750000000           1.1793131450804322E-003
  0.929618767462670803070068359375000000           3.4268805878416929E-002
  0.930596284568309783935546875000000000         -0.20889995426864882     
  0.931573801673948764801025390625000000         -0.13062230740403616     
  0.932551318779587745666503906250000000          -7.5241586606826102E-002
  0.933528835885226726531982421875000000         -0.10983948691769024     
  0.934506352990865707397460937500000000           1.7063045261606544E-002
  0.935483870096504688262939453125000000          -5.1903926592928633E-002
  0.936461387202143669128417968750000000         -0.23686154760223238     
  0.937438904307782649993896484375000000         -0.13585391803769162     
  0.938416421413421630859375000000000000         -0.20385809944053843     
  0.939393938519060611724853515625000000          0.10005247107424330     
  0.940371455624699592590332031250000000          0.21798729443602477     
  0.941348972730338573455810546875000000          0.28884037889558040     
  0.942326489835977554321289062500000000           1.8885397765659805E-002
  0.943304006941616535186767578125000000          -3.8444329945384485E-002
  0.944281524047255516052246093750000000          0.17374408298469823     
  0.945259041152894496917724609375000000          -2.8151730480187463E-002
  0.946236558258533477783203125000000000          0.11610345165504732     
  0.947214075364172458648681640625000000          0.37366329427623013     
  0.948191592469811439514160156250000000          0.34698189487477199     
  0.949169109575450420379638671875000000          0.34763662344529250     
  0.950146626681089401245117187500000000          0.32737781376493325     
  0.951124143786728382110595703125000000          0.50101940181343751     
  0.952101660892367362976074218750000000          0.11048029817028536     
  0.953079177998006343841552734375000000          0.59978921386815576     
  0.954056695103645324707031250000000000          0.41570705787915824     
  0.955034212209284305572509765625000000          0.33136524735185513     
  0.956011729314923286437988281250000000          0.31652205458122074     
  0.956989246420562267303466796875000000          0.71142789754046543     
  0.957966763526201248168945312500000000          0.62860173280039389     
  0.958944280631840229034423828125000000          0.47763664158359903     
  0.959921797737479209899902343750000000          0.67686207402753884     
  0.960899314843118190765380859375000000          0.50969703648354447     
  0.961876831948757171630859375000000000          0.80283669751394782     
  0.962854349054396152496337890625000000          0.73645545642942079     
  0.963831866160035133361816406250000000          0.52153055253662484     
  0.964809383265674114227294921875000000          0.73997191470112422     
  0.965786900371313095092773437500000000          0.75373989071700287     
  0.966764417476952075958251953125000000          0.62964815422630604     
  0.967741934582591056823730468750000000          0.63291888012726971     
  0.968719451688230037689208984375000000          0.76109490554017389     
  0.969696968793869018554687500000000000          0.82693509931766063     
  0.970674485899507999420166015625000000          0.81939440019072340     
  0.971652003005146980285644531250000000          0.56405953669512854     
  0.972629520110785961151123046875000000          0.79764338818233571     
  0.973607037216424942016601562500000000          0.66346432927566790     
  0.974584554322063922882080078125000000          0.89820281924355916     
  0.975562071427702903747558593750000000          0.77941414884264981     
  0.976539588533341884613037109375000000          0.69035714715093544     
  0.977517105638980865478515625000000000           1.0022140301449636     
  0.978494622744619846343994140625000000          0.85250640663931798     
  0.979472139850258827209472656250000000          0.69688719814974476     
  0.980449656955897808074951171875000000          0.82552925673581923     
  0.981427174061536788940429687500000000          0.89583476314961541     
  0.982404691167175769805908203125000000          0.80591697214510793     
  0.983382208272814750671386718750000000           1.1566436727180598     
  0.984359725378453731536865234375000000          0.86075284368230320     
  0.985337242484092712402343750000000000          0.78251345348588297     
  0.986314759589731693267822265625000000          0.83155402015082369     
  0.987292276695370674133300781250000000          0.72157451180679055     
  0.988269793801009654998779296875000000           1.0411782925203448     
  0.989247310906648635864257812500000000           1.0338011057927681     
  0.990224828012287616729736328125000000           1.0913235871758842     
  0.991202345117926597595214843750000000           1.2111156870777260     
  0.992179862223565578460693359375000000          0.99522922070799191     
  0.993157379329204559326171875000000000           1.1204720265095038     
  0.994134896434843540191650390625000000           1.0145420618630823     
  0.995112413540482521057128906250000000           1.1922246264377903     
  0.996089930646121501922607421875000000           1.0831004179464030     
  0.997067447751760482788085937500000000          0.88273520430982377     
  0.998044964857399463653564453125000000           1.2333737463702550     
  0.999022481963038444519042968750000000          0.96005168073344449     
  0.999999999068677425384521484375000000           1.0066012687982315     
   1.00097751617431640625000000000000000          0.79369209772249338     
