   9.77517105638980865478515625000000000E-0004     2.2070212473728295     
   1.95503421127796173095703125000000000E-0003    -1.3271388899260261     
   2.93255131691694259643554687500000000E-0003     1.2533964085779263     
   3.91006842255592346191406250000000000E-0003    -1.7629016940093540     
   4.88758552819490432739257812500000000E-0003   -0.69836418325833793     
   5.86510263383388519287109375000000000E-0003     2.5320637859872210     
   6.84261973947286605834960937500000000E-0003    -1.2580949856213348     
   7.82013684511184692382812500000000000E-0003     1.0495631915376464     
   8.79765395075082778930664062500000000E-0003    -1.2371701412491909     
   9.77517105638980865478515625000000000E-0003    -1.3497121971100214     
   1.07526881620287895202636718750000000E-0002     2.7088921008980988     
   1.17302052676677703857421875000000000E-0002    -1.0456391327370960     
   1.27077223733067512512207031250000000E-0002    0.73926186627071733     
   1.36852394789457321166992187500000000E-0002   -0.67260389072950533     
   1.46627565845847129821777343750000000E-0002    -1.9105893805504943     
   1.56402736902236938476562500000000000E-0002     2.7190741714051985     
   1.66177907958626747131347656250000000E-0002   -0.70138698950027178     
   1.75953079015016555786132812500000000E-0002    0.35502031123551148     
   1.85728250071406364440917968750000000E-0002   -0.11387887368552684     
   1.95503421127796173095703125000000000E-0002    -2.3443850053703352     
   2.05278592184185981750488281250000000E-0002     2.5564325645006538     
   2.15053763240575790405273437500000000E-0002   -0.24837860310980087     
   2.24828934296965599060058593750000000E-0002    -6.4465418449331346E-002
   2.34604105353355407714843750000000000E-0002    0.39597103128056321     
   2.44379276409745216369628906250000000E-0002    -2.6240785957665835     
   2.54154447466135025024414062500000000E-0002     2.2276412451105094     
   2.63929618522524833679199218750000000E-0002    0.28066369590819057     
   2.73704789578914642333984375000000000E-0002   -0.47756333830564129     
   2.83479960635304450988769531250000000E-0002    0.81894099135819942     
   2.93255131691694259643554687500000000E-0002    -2.7342355007350747     
   3.03030302748084068298339843750000000E-0002     1.7518203430322892     
   3.12805473804473876953125000000000000E-0002    0.84586622596574301     
   3.22580644860863685607910156250000000E-0002   -0.84317339513909173     
   3.32355815917253494262695312500000000E-0002     1.1250204633262229     
   3.42130986973643302917480468750000000E-0002    -2.6720964125542337     
   3.51906158030033111572265625000000000E-0002     1.1591585389466477     
   3.61681329086422920227050781250000000E-0002     1.4033242980370622     
   3.71456500142812728881835937500000000E-0002    -1.1241526428829367     
   3.81231671199202537536621093750000000E-0002     1.2945025272288919     
   3.91006842255592346191406250000000000E-0002    -2.4476771167833715     
   4.00782013311982154846191406250000000E-0002    0.48866954555696540     
   4.10557184368371963500976562500000000E-0002     1.9085653738536921     
   4.20332355424761772155761718750000000E-0002    -1.2904228301852005     
   4.30107526481151580810546875000000000E-0002     1.3194555967869213     
   4.39882697537541389465332031250000000E-0002    -2.0828729359498892     
   4.49657868593931198120117187500000000E-0002   -0.21474241423020143     
   4.59433039650321006774902343750000000E-0002     2.3200807972789872     
   4.69208210706710815429687500000000000E-0002    -1.3215107547949563     
   4.78983381763100624084472656250000000E-0002     1.2042426216536368     
   4.88758552819490432739257812500000000E-0002    -1.6096408977119709     
   4.98533723875880241394042968750000000E-0002   -0.90367861313795350     
   5.08308894932270050048828125000000000E-0002     2.6026459510051181     
   5.18084065988659858703613281250000000E-0002    -1.2083168578110739     
   5.27859237045049667358398437500000000E-0002    0.96504879833591561     
   5.37634408101439476013183593750000000E-0002    -1.0674053958481078     
   5.47409579157829284667968750000000000E-0002    -1.5318373094701767     
   5.57184750214219093322753906250000000E-0002     2.7301650000760036     
   5.66959921270608901977539062500000000E-0002   -0.95396892802983602     
   5.76735092326998710632324218750000000E-0002    0.62845775584588559     
   5.86510263383388519287109375000000000E-0002   -0.49989425919507724     
   5.96285434439778327941894531250000000E-0002    -2.0575192668758224     
   6.06060605496168136596679687500000000E-0002     2.6878136250142934     
   6.15835776552557945251464843750000000E-0002   -0.57369059058815863     
   6.25610947608947753906250000000000000E-0002    0.22919191223296081     
   6.35386118665337562561035156250000000E-0002     4.8343140403452049E-002
   6.45161289721727371215820312500000000E-0002    -2.4467726462547992     
   6.54936460778117179870605468750000000E-0002     2.4733083766328030     
   6.64711631834506988525390625000000000E-0002    -9.3692686845289488E-002
   6.74486802890896797180175781250000000E-0002   -0.19280080137768094     
   6.84261973947286605834960937500000000E-0002    0.53545936167722186     
   6.94037145003676414489746093750000000E-0002    -2.6759311212896324     
   7.03812316060066223144531250000000000E-0002     2.0972001313249846     
   7.13587487116456031799316406250000000E-0002    0.45082651139069907     
   7.23362658172845840454101562500000000E-0002   -0.59567965923755040     
   7.33137829229235649108886718750000000E-0002    0.92559474185419677     
   7.42913000285625457763671875000000000E-0002    -2.7333470319095778     
   7.52688171342015266418457031250000000E-0002     1.5821661387963810     
   7.62463342398405075073242187500000000E-0002     1.0184152495895700     
   7.72238513454794883728027343750000000E-0002   -0.93919575162458646     
   7.82013684511184692382812500000000000E-0002     1.1916657195625293     
   7.91788855567574501037597656250000000E-0002    -2.6201850063710572     
   8.01564026623964309692382812500000000E-0002    0.96135423457798863     
   8.11339197680354118347167968750000000E-0002     1.5646207539592560     
   8.21114368736743927001953125000000000E-0002    -1.1880488574427257     
   8.30889539793133735656738281250000000E-0002     1.3174356364503237     
   8.40664710849523544311523437500000000E-0002    -2.3502157124626968     
   8.50439881905913352966308593750000000E-0002    0.27590767320785820     
   8.60215052962303161621093750000000000E-0002     2.0455029984496189     
   8.69990224018692970275878906250000000E-0002    -1.3148471074771162     
   8.79765395075082778930664062500000000E-0002     1.2987053466117264     
   8.89540566131472587585449218750000000E-0002    -1.9486283610722199     
   8.99315737187862396240234375000000000E-0002   -0.42813620760495813     
   9.09090908244252204895019531250000000E-0002     2.4211313785584352     
   9.18866079300642013549804687500000000E-0002    -1.3024315587372535     
   9.28641250357031822204589843750000000E-0002     1.1435311564231656     
   9.38416421413421630859375000000000000E-0002    -1.4499580261860237     
   9.48191592469811439514160156250000000E-0002    -1.1033307864541453     
   9.57966763526201248168945312500000000E-0002     2.6587867811136907     
   9.67741934582591056823730468750000000E-0002    -1.1453783179148673     
   9.77517105638980865478515625000000000E-0002    0.87145510525834524     
   9.87292276695370674133300781250000000E-0002   -0.89529363110631144     
   9.97067447751760482788085937500000000E-0002    -1.7044154017629827     
  0.100684261880815029144287109375000000           2.7356144346937321     
  0.101661778986454010009765625000000000         -0.85055628658717675     
  0.102639296092092990875244140625000000          0.51181122832380732     
  0.103616813197731971740722656250000000         -0.32898905579219961     
  0.104594330303370952606201171875000000          -2.1917392883060947     
  0.105571847409009933471679687500000000           2.6405160242140973     
  0.106549364514648914337158203125000000         -0.43669375953321166     
  0.107526881620287895202636718750000000          0.10124497538259809     
  0.108504398725926876068115234375000000          0.20486123499163522     
  0.109481915831565856933593750000000000          -2.5342459987508410     
  0.110459432937204837799072265625000000           2.3751294469998139     
  0.111436950042843818664550781250000000           6.7013974646918884E-002
  0.112414467148482799530029296875000000         -0.31935444245493916     
  0.113391984254121780395507812500000000          0.66590243759332468     
  0.114369501359760761260986328125000000          -2.7117848468178667     
  0.115347018465399742126464843750000000           1.9538165357399047     
  0.116324535571038722991943359375000000          0.62314746863854931     
  0.117302052676677703857421875000000000         -0.70826230912778543     
  0.118279569782316684722900390625000000           1.0206798924956215     
  0.119257086887955665588378906250000000          -2.7165691018418192     
  0.120234603993594646453857421875000000           1.4026573790029080     
  0.121212121099233627319335937500000000           1.1889799839069479     
  0.122189638204872608184814453125000000          -1.0263937053489831     
  0.123167155310511589050292968750000000           1.2452299852472899     
  0.124144672416150569915771484375000000          -2.5536680918379400     
  0.125122189521789550781250000000000000          0.75752833052574176     
  0.126099706627428531646728515625000000           1.7198381047457325     
  0.127077223733067512512207031250000000          -1.2405669657365710     
  0.128054740838706493377685546875000000           1.3268972571042634     
  0.129032257944345474243164062500000000          -2.2404966917153497     
  0.130009775049984455108642578125000000           6.1413199080436361E-002
  0.130987292155623435974121093750000000           2.1726401706082430     
  0.131964809261262416839599609375000000          -1.3262932495270958     
  0.132942326366901397705078125000000000           1.2652352958680855     
  0.133919843472540378570556640625000000          -1.8053448391068565     
  0.134897360578179359436035156250000000         -0.63884228436193813     
  0.135874877683818340301513671875000000           2.5093320313552567     
  0.136852394789457321166992187500000000          -1.2698678743722158     
  0.137829911895096302032470703125000000           1.0719220167668297     
  0.138807429000735282897949218750000000          -1.2850654617921073     
  0.139784946106374263763427734375000000          -1.2960786177921915     
  0.140762463212013244628906250000000000           2.6999473026745551     
  0.141739980317652225494384765625000000          -1.0695946063183130     
  0.142717497423291206359863281250000000          0.76969844399608689     
  0.143695014528930187225341796875000000         -0.72210551964211567     
  0.144672531634569168090820312500000000          -1.8663952696383013     
  0.145650048740208148956298828125000000           2.7250486122266726     
  0.146627565845847129821777343750000000         -0.73604308718407518     
  0.147605082951486110687255859375000000          0.39041783422975879     
  0.148582600057125091552734375000000000         -0.16111651002365499     
  0.149560117162764072418212890625000000          -2.3124680384779022     
  0.150537634268403053283691406250000000           2.5773549659015651     
  0.151515151374042034149169921875000000         -0.29131653818723408     
  0.152492668479681015014648437500000000          -2.7637225461011192E-002
  0.153470185585319995880126953125000000          0.35458632771101445     
  0.154447702690958976745605468750000000          -2.6063512484454314     
  0.155425219796597957611083984375000000           2.2624244800748206     
  0.156402736902236938476562500000000000          0.23261430217864959     
  0.157380254007875919342041015625000000         -0.44295387943445330     
  0.158357771113514900207519531250000000          0.78643534419489847     
  0.159335288219153881072998046875000000          -2.7315457212469383     
  0.160312805324792861938476562500000000           1.7983362442893498     
  0.161290322430431842803955078125000000          0.79638062393745779     
  0.162267839536070823669433593750000000         -0.81424730476988261     
  0.163245356641709804534912109375000000           1.1036223178767983     
  0.164222873747348785400390625000000000          -2.6841714964948893     
  0.165200390852987766265869140625000000           1.2143940982325481     
  0.166177907958626747131347656250000000           1.3562938729292804     
  0.167155425064265727996826171875000000          -1.1039007141265660     
  0.168132942169904708862304687500000000           1.2854729041996793     
  0.169110459275543689727783203125000000          -2.4731550125388093     
  0.170087976381182670593261718750000000          0.54895236838030170     
  0.171065493486821651458740234375000000           1.8677897339360041     
  0.172043010592460632324218750000000000          -1.2811109775295910     
  0.173020527698099613189697265625000000           1.3229967826342073     
  0.173998044803738594055175781250000000          -2.1194183058013563     
  0.174975561909377574920654296875000000         -0.15346700718854822     
  0.175953079015016555786132812500000000           2.2889650892703459     
  0.176930596120655536651611328125000000          -1.3244871930981263     
  0.177908113226294517517089843750000000           1.2194923628198180     
  0.178885630331933498382568359375000000          -1.6541365712070140     
  0.179863147437572479248046875000000000         -0.84554052935558810     
  0.180840664543211460113525390625000000           2.5839274313329832     
  0.181818181648850440979003906250000000          -1.2238930489292768     
  0.182795698754489421844482421875000000          0.99016025583788458     
  0.183773215860128402709960937500000000          -1.1162039095027081     
  0.184750732965767383575439453125000000          -1.4807287321291454     
  0.185728250071406364440917968750000000           2.7256906111486936     
  0.186705767177045345306396484375000000         -0.98138397719980364     
  0.187683284282684326171875000000000000          0.66075864961379993     
  0.188660801388323307037353515625000000         -0.54910945018109703     
  0.189638318493962287902832031250000000          -2.0168003322214183     
  0.190615835599601268768310546875000000           2.6983863202578591     
  0.191593352705240249633789062500000000         -0.61116213296439204     
  0.192570869810879230499267578125000000          0.26540998312712027     
  0.193548386916518211364746093750000000           2.5276551879877948E-003
  0.194525904022157192230224609375000000          -2.4190188035389810     
  0.195503421127796173095703125000000000           2.4986145235564376     
  0.196480938233435153961181640625000000         -0.13855041746459865     
  0.197458455339074134826660156250000000         -0.15626415971073992     
  0.198435972444713115692138671875000000          0.49648928796923392     
  0.199413489550352096557617187500000000          -2.6627419330030642     
  0.200391006655991077423095703125000000           2.1358239269027166     
  0.201368523761630058288574218750000000          0.40193509680588796     
  0.202346040867269039154052734375000000         -0.56244957789773586     
  0.203323557972908020019531250000000000          0.89627561667068256     
  0.204301075078547000885009765625000000          -2.7352313157712143     
  0.205278592184185981750488281250000000           1.6316901023868666     
  0.206256109289824962615966796875000000          0.96926309730515203     
  0.207233626395463943481445312500000000         -0.91262193558144622     
  0.208211143501102924346923828125000000           1.1739461205633284     
  0.209188660606741905212402343750000000          -2.6365311878965012     
  0.210166177712380886077880859375000000           1.0185380445104404     
  0.211143694818019866943359375000000000           1.5191041527120384     
  0.212121211923658847808837890625000000          -1.1709257377201432     
  0.213098729029297828674316406250000000           1.3122601690189784     
  0.214076246134936809539794921875000000          -2.3793495258049355     
  0.215053763240575790405273437500000000          0.33693142263664855     
  0.216031280346214771270751953125000000           2.0073326543773105     
  0.217008797451853752136230468750000000          -1.3091785700034124     
  0.217986314557492733001708984375000000           1.3059489163893989     
  0.218963831663131713867187500000000000          -1.9879531394433079     
  0.219941348768770694732666015625000000         -0.36738335149744938     
  0.220918865874409675598144531250000000           2.3935361596452620     
  0.221896382980048656463623046875000000          -1.3092591779519676     
  0.222873900085687637329101562500000000           1.1620195562601732     
  0.223851417191326618194580078125000000          -1.4961663077673040     
  0.224828934296965599060058593750000000          -1.0469391249544662     
  0.225806451402604579925537109375000000           2.6442536623773409     
  0.226783968508243560791015625000000000          -1.1646869714159818     
  0.227761485613882541656494140625000000          0.89907007165786323     
  0.228739002719521522521972656250000000         -0.94463318789736983     
  0.229716519825160503387451171875000000          -1.6561448562315018     
  0.230694036930799484252929687500000000           2.7356853448384935     
  0.231671554036438465118408203125000000         -0.88126486989735531     
  0.232649071142077445983886718750000000          0.54567139908557716     
  0.233626588247716426849365234375000000         -0.37756217611373338     
  0.234604105353355407714843750000000000          -2.1547354410838597     
  0.235581622458994388580322265625000000           2.6556578209580630     
  0.236559139564633369445800781250000000         -0.47673194610970865     
  0.237536656670272350311279296875000000          0.13794814093416383     
  0.238514173775911331176757812500000000          0.16078897629367592     
  0.239491690881550312042236328125000000          -2.5108042568535884     
  0.240469207987189292907714843750000000           2.4046874857041241     
  0.241446725092828273773193359375000000           2.0548836090699230E-002
  0.242424242198467254638671875000000000         -0.28344727734503683     
  0.243401759304106235504150390625000000          0.62960839869768870     
  0.244379276409745216369628906250000000          -2.7031811578659890     
  0.245356793515384197235107421875000000           1.9960557005388151     
  0.246334310621023178100585937500000000          0.57376561559019945     
  0.247311827726662158966064453125000000         -0.67672386199959655     
  0.248289344832301139831542968750000000          0.99472882209869640     
  0.249266861937940120697021484375000000          -2.7229703917095152     
  0.250244379043579101562500000000000000           1.4548875396689387     
  0.251221896149218082427978515625000000           1.1405243724323149     
  0.252199413254857063293457031250000000          -1.0024326710075291     
  0.253176930360496044158935546875000000           1.2312768944347583     
  0.254154447466135025024414062500000000          -2.5741292943454837     
  0.255131964571774005889892578125000000          0.81630451881579436     
  0.256109481677412986755371093750000000           1.6761811386861198     
  0.257086998783051967620849609375000000          -1.2267594865014899     
  0.258064515888690948486328125000000000           1.3255642121572033     
  0.259042032994329929351806640625000000          -2.2730444013708002     
  0.260019550099968910217285156250000000          0.12279489364328275     
  0.260997067205607891082763671875000000           2.1373760459266111     
  0.261974584311246871948242187500000000          -1.3243651742101263     
  0.262952101416885852813720703125000000           1.2760717415978713     
  0.263929618522524833679199218750000000          -1.8471407802018445     
  0.264907135628163814544677734375000000         -0.57899304748132541     
  0.265884652733802795410156250000000000           2.4854891024853654     
  0.266862169839441776275634765625000000          -1.2805453396508928     
  0.267839686945080757141113281250000000           1.0934515842252528     
  0.268817204050719738006591796875000000          -1.3326366726354473     
  0.269794721156358718872070312500000000          -1.2417836612766895     
  0.270772238261997699737548828125000000           2.6897433307267598     
  0.271749755367636680603027343750000000          -1.0925350387686590     
  0.272727272473275661468505859375000000          0.79954831027020135     
  0.273704789578914642333984375000000000         -0.77162289780062276     
  0.274682306684553623199462890625000000          -1.8212557931685096     
  0.275659823790192604064941406250000000           2.7297083942357787     
  0.276637340895831584930419921875000000         -0.76985232453557462     
  0.277614858001470565795898437500000000          0.42552013209455297     
  0.278592375107109546661376953125000000         -0.20869956891028832     
  0.279569892212748527526855468750000000          -2.2793930950632317     
  0.280547409318387508392333984375000000           2.5970049356543696     
  0.281524926424026489257812500000000000         -0.33365091227636978     
  0.282502443529665470123291015625000000           9.2118174345419811E-003
  0.283479960635304450988769531250000000          0.31256267852775371     
  0.284457477740943431854248046875000000          -2.5873404292522184     
  0.285434994846582412719726562500000000           2.2960728028964330     
  0.286412511952221393585205078125000000          0.18486884656963801     
  0.287390029057860374450683593750000000         -0.40800923139688094     
  0.288367546163499355316162109375000000          0.75305630219850794     
  0.289345063269138336181640625000000000          -2.7275430144413866     
  0.290322580374777317047119140625000000           1.8439401809591287     
  0.291300097480416297912597656250000000          0.74686644335953090     
  0.292277614586055278778076171875000000         -0.78469960696632457     
  0.293255131691694259643554687500000000           1.0811934741530629     
  0.294232648797333240509033203125000000          -2.6950016607576530     
  0.295210165902972221374511718750000000           1.2690095213127044     
  0.296187683008611202239990234375000000           1.3088956719521379     
  0.297165200114250183105468750000000000          -1.0827926251867301     
  0.298142717219889163970947265625000000           1.2753442228399670     
  0.299120234325528144836425781250000000          -2.4975472867417112     
  0.300097751431167125701904296875000000          0.60895382359331285     
  0.301075268536806106567382812500000000           1.8263273612997222     
  0.302052785642445087432861328125000000          -1.2707800580978215     
  0.303030302748084068298339843750000000           1.3254640947526335     
  0.304007819853723049163818359375000000          -2.1551153793164359     
  0.304985336959362030029296875000000000          -9.2112877109530519E-002
  0.305962854065001010894775390625000000           2.2568894260996268     
  0.306940371170639991760253906250000000          -1.3263673289211095     
  0.307917888276278972625732421875000000           1.2337840159279314     
  0.308895405381917953491210937500000000          -1.6980800107675751     
  0.309872922487556934356689453125000000         -0.78696959899088059     
  0.310850439593195915222167968750000000           2.5640435096840095     
  0.311827956698834896087646484375000000          -1.2383885074569843     
  0.312805473804473876953125000000000000           1.0145097758359727     
  0.313782990910112857818603515625000000          -1.1647812113429223     
  0.314760508015751838684082031250000000          -1.4288659732505125     
  0.315738025121390819549560546875000000           2.7199299823562573     
  0.316715542227029800415039062500000000          -1.0078263280791879     
  0.317693059332668781280517578125000000          0.69255742521030028     
  0.318670576438307762145996093750000000         -0.59844303755527206     
  0.319648093543946743011474609375000000          -1.9750629217950504     
  0.320625610649585723876953125000000000           2.7076468264738018     
  0.321603127755224704742431640625000000         -0.64785366794291077     
  0.322580644860863685607910156250000000          0.30142761458309109     
  0.323558161966502666473388671875000000          -4.3727544644287186E-002
  0.324535679072141647338867187500000000          -2.3900590157480299     
  0.325513196177780628204345703125000000           2.5226803182927751     
  0.326490713283419609069824218750000000         -0.18289081771264962     
  0.327468230389058589935302734375000000         -0.11960958861465952     
  0.328445747494697570800781250000000000          0.45680171983471057     
  0.329423264600336551666259765625000000          -2.6482499261717813     
  0.330400781705975532531738281250000000           2.1733722614292481     
  0.331378298811614513397216796875000000          0.35324873139630908     
  0.332355815917253494262695312500000000         -0.52879301667337875     
  0.333333333022892475128173828125000000          0.86602637906269686     
  0.334310850128531455993652343750000000          -2.7358131909103007     
  0.335288367234170436859130859375000000           1.6803845456430517     
  0.336265884339809417724609375000000000          0.91997859505109747     
  0.337243401445448398590087890625000000         -0.88534862831457617     
  0.338220918551087379455566406250000000           1.1551652447356024     
  0.339198435656726360321044921875000000          -2.6516717473613545     
  0.340175952762365341186523437500000000           1.0752009772539919     
  0.341153469868004322052001953125000000           1.4731193387863799     
  0.342130986973643302917480468750000000          -1.1528885229479666     
  0.343108504079282283782958984375000000           1.3059833936019416     
  0.344086021184921264648437500000000000          -2.4074624695126454     
  0.345063538290560245513916015625000000          0.39778238266300431     
  0.346041055396199226379394531250000000           1.9683864823745452     
  0.347018572501838207244873046875000000          -1.3024579196428858     
  0.347996089607477188110351562500000000           1.3121445946275867     
  0.348973606713116168975830078125000000          -2.0265145322825444     
  0.349951123818755149841308593750000000         -0.30644210082703127     
  0.350928640924394130706787109375000000           2.3649103930883415     
  0.351906158030033111572265625000000000          -1.3149852764149426     
  0.352883675135672092437744140625000000           1.1796017112853423     
  0.353861192241311073303222656250000000          -1.5419205820950526     
  0.354838709346950054168701171875000000         -0.99001216359326638     
  0.355816226452589035034179687500000000           2.6285087974434131     
  0.356793743558228015899658203125000000          -1.1829382008306517     
  0.357771260663866996765136718750000000          0.92599635450952944     
  0.358748777769505977630615234375000000         -0.99385522962178197     
  0.359726294875144958496093750000000000          -1.6070326399996160     
  0.360703811980783939361572265625000000           2.7344517905582792     
  0.361681329086422920227050781250000000         -0.91105098788417860     
  0.362658846192061901092529296875000000          0.57911794608028266     
  0.363636363297700881958007812500000000         -0.42635463428301051     
  0.364613880403339862823486328125000000          -2.1166471665573243     
  0.365591397508978843688964843750000000           2.6694990101532072     
  0.366568914614617824554443359375000000         -0.51606350131070777     
  0.367546431720256805419921875000000000          0.17454720818822764     
  0.368523948825895786285400390625000000          0.11618676943796286     
  0.369501465931534767150878906250000000          -2.4861170431522046     
  0.370478983037173748016357421875000000           2.4330459225693231     
  0.371456500142812728881835937500000000          -2.5489826487331634E-002
  0.372434017248451709747314453125000000         -0.24732601831809248     
  0.373411534354090690612792968750000000          0.59252439009536162     
  0.374389051459729671478271484375000000          -2.6932643685776303     
  0.375366568565368652343750000000000000           2.0372864077093524     
  0.376344085671007633209228515625000000          0.52448758080307623     
  0.377321602776646614074707031250000000         -0.64467095636664207     
  0.378299119882285594940185546875000000          0.96779851335316192     
  0.379276636987924575805664062500000000          -2.7280887717355227     
  0.380254154093563556671142578125000000           1.5063764669954856     
  0.381231671199202537536621093750000000           1.0918327814806503     
  0.382209188304841518402099609375000000         -0.97769970500634562     
  0.383186705410480499267578125000000000           1.2162404418419632     
  0.384164222516119480133056640625000000          -2.5934323687719321     
  0.385141739621758460998535156250000000          0.87466276447764324     
  0.386119256727397441864013671875000000           1.6319581542359571     
  0.387096773833036422729492187500000000          -1.2119871149021353     
  0.388074290938675403594970703125000000           1.3231363187227394     
  0.389051808044314384460449218750000000          -2.3046427699400138     
  0.390029325149953365325927734375000000          0.18411359734581631     
  0.391006842255592346191406250000000000           2.1012519261658182     
  0.391984359361231327056884765625000000          -1.3213601981027501     
  0.392961876466870307922363281250000000           1.2858945007952589     
  0.393939393572509288787841796875000000          -1.8882630813145691     
  0.394916910678148269653320312500000000         -0.51884707503358318     
  0.395894427783787250518798828125000000           2.4605518836945754     
  0.396871944889426231384277343750000000          -1.2901247803703746     
  0.397849461995065212249755859375000000           1.1141338250906283     
  0.398826979100704193115234375000000000          -1.3798546283679474     
  0.399804496206343173980712890625000000          -1.1868547287158395     
  0.400782013311982154846191406250000000           2.6782895126784805     
  0.401759530417621135711669921875000000          -1.1144498239758316     
  0.402737047523260116577148437500000000          0.82878810559004934     
  0.403714564628899097442626953125000000         -0.82112648998980975     
  0.404692081734538078308105468750000000          -1.7751930845403758     
  0.405669598840177059173583984375000000           2.7330544860270414     
  0.406647115945816040039062500000000000         -0.80279686730077915     
  0.407624633051455020904541015625000000          0.46030051265530725     
  0.408602150157094001770019531250000000         -0.25660046033120532     
  0.409579667262732982635498046875000000          -2.2451753868762809     
  0.410557184368371963500976562500000000           2.6153749316937942     
  0.411534701474010944366455078125000000         -0.37535802623534020     
  0.412512218579649925231933593750000000           4.6053910876831819E-002
  0.413489735685288906097412109375000000          0.26992356317266836     
  0.414467252790927886962890625000000000          -2.5670533161108153     
  0.415444769896566867828369140625000000           2.3285706734391085     
  0.416422287002205848693847656250000000          0.13745505056950508     
  0.417399804107844829559326171875000000         -0.37275598641333291     
  0.418377321213483810424804687500000000          0.71882140975446707     
  0.419354838319122791290283203125000000          -2.7222260402736005     
  0.420332355424761772155761718750000000           1.8886097527002839     
  0.421309872530400753021240234375000000          0.69735325160823181     
  0.422287389636039733886718750000000000         -0.75455346934387679     
  0.423264906741678714752197265625000000           1.0577442018130399     
  0.424242423847317695617675781250000000          -2.7045772279158937     
  0.425219940952956676483154296875000000           1.3229772224388310     
  0.426197458058595657348632812500000000           1.2611587701400424     
  0.427174975164234638214111328125000000          -1.0608461764685115     
  0.428152492269873619079589843750000000           1.2641187284232784     
  0.429130009375512599945068359375000000          -2.5208367540999097     
  0.430107526481151580810546875000000000          0.66864322099176010     
  0.431085043586790561676025390625000000           1.7842045239165329     
  0.432062560692429542541503906250000000          -1.2594409934765389     
  0.433040077798068523406982421875000000           1.3268516525423566     
  0.434017594903707504272460937500000000          -2.1899408747699760     
  0.434995112009346485137939453125000000          -3.0711494434096105E-002
  0.435972629114985466003417968750000000           2.2238751611893224     
  0.436950146220624446868896484375000000          -1.3271542462764963     
  0.437927663326263427734375000000000000           1.2471041277064836     
  0.438905180431902408599853515625000000          -1.7414437186965119     
  0.439882697537541389465332031250000000         -0.72799568735034437     
  0.440860214643180370330810546875000000           2.5430088922783978     
  0.441837731748819351196289062500000000          -1.2517981517997641     
  0.442815248854458332061767578125000000           1.0380774946829472     
  0.443792765960097312927246093750000000          -1.2131077873970482     
  0.444770283065736293792724609375000000          -1.3762750334343217     
  0.445747800171375274658203125000000000           2.7128899530702544     
  0.446725317277014255523681640625000000          -1.0332830638302395     
  0.447702834382653236389160156250000000          0.72382948593733343     
  0.448680351488292217254638671875000000         -0.64786583520008634     
  0.449657868593931198120117187500000000          -1.9323272147228325     
  0.450635385699570178985595703125000000           2.7155935073213731     
  0.451612902805209159851074218750000000         -0.68374540745334778     
  0.452590419910848140716552734375000000          0.33721753416854333     
  0.453567937016487121582031250000000000          -9.0395903440331382E-002
  0.454545454122126102447509765625000000          -2.3599061396389951     
  0.455522971227765083312988281250000000           2.5454957003120997     
  0.456500488333404064178466796875000000         -0.22668875070445291     
  0.457478005439043045043945312500000000          -8.2864764209366656E-002
  0.458455522544682025909423828125000000          0.41641850371881722     
  0.459433039650321006774902343750000000          -2.6324597071954741     
  0.460410556755959987640380859375000000           2.2098273595692803     
  0.461388073861598968505859375000000000          0.30479593982393982     
  0.462365590967237949371337890625000000         -0.49473575093429673     
  0.463343108072876930236816406250000000          0.83486247568380834     
  0.464320625178515911102294921875000000          -2.7350887300483504     
  0.465298142284154891967773437500000000           1.7282252911785472     
  0.466275659389793872833251953125000000          0.87059141046492983     
  0.467253176495432853698730468750000000         -0.85739755253003447     
  0.468230693601071834564208984375000000           1.1353309697379073     
  0.469208210706710815429687500000000000          -2.6655946059885935     
  0.470185727812349796295166015625000000           1.1313142673313865     
  0.471163244917988777160644531250000000           1.4266947718879184     
  0.472140762023627758026123046875000000          -1.1339530565639062     
  0.473118279129266738891601562500000000           1.2986050626412142     
  0.474095796234905719757080078125000000          -2.4345353292762830     
  0.475073313340544700622558593750000000          0.45842937310550175     
  0.476050830446183681488037109375000000           1.9286894635812328     
  0.477028347551822662353515625000000000          -1.2946937661807947     
  0.478005864657461643218994140625000000           1.3172841080533071     
  0.478983381763100624084472656250000000          -2.0642877577819192     
  0.479960898868739604949951171875000000         -0.24534368785809246     
  0.480938415974378585815429687500000000           2.3352735714249961     
  0.481915933080017566680908203125000000          -1.3196104574428624     
  0.482893450185656547546386718750000000           1.1962620682544027     
  0.483870967291295528411865234375000000          -1.5871924947450564     
  0.484848484396934509277343750000000000         -0.93257882001458858     
  0.485826001502573490142822265625000000           2.6115646007700946     
  0.486803518608212471008300781250000000          -1.2001244748330073     
  0.487781035713851451873779296875000000          0.95221245166384505     
  0.488758552819490432739257812500000000          -1.0429300921949531     
  0.489736069925129413604736328125000000          -1.5571031707807275     
  0.490713587030768394470214843750000000           2.7319180662236398     
  0.491691104136407375335693359375000000         -0.93989950281112633     
  0.492668621242046356201171875000000000          0.61212522714920858     
  0.493646138347685337066650390625000000         -0.47533780785650476     
  0.494623655453324317932128906250000000          -2.0774925497265708     
  0.495601172558963298797607421875000000           2.6820353553138587     
  0.496578689664602279663085937500000000         -0.55466682511547372     
  0.497556206770241260528564453125000000          0.21101453619994409     
  0.498533723875880241394042968750000000           7.1079942004159555E-002
  0.499511240981519222259521484375000000          -2.4601947729454650     
  0.500488758087158203125000000000000000           2.4601922446954876     
  0.501466275192797183990478515625000000          -7.1075621201642347E-002
  0.502443792298436164855957031250000000         -0.21101800348969507     
  0.503421309404075145721435546875000000          0.55467046769688411     
  0.504398826509714126586914062500000000          -2.6820364874375011     
  0.505376343615353107452392578125000000           2.0774887690377568     
  0.506353860720992088317871093750000000          0.47534248292440157     
  0.507331377826631069183349609375000000         -0.61212835019819911     
  0.508308894932270050048828125000000000          0.93990220623168719     
  0.509286412037909030914306640625000000          -2.7319177630326288     
  0.510263929143548011779785156250000000           1.5570983755776606     
  0.511241446249186992645263671875000000           1.0429347598722498     
  0.512218963354825973510742187500000000         -0.95221491490792454     
  0.513196480460464954376220703125000000           1.2001260613039397     
  0.514173997566103935241699218750000000          -2.6115629296749474     
  0.515151514671742916107177734375000000          0.93257332482558097     
  0.516129031777381896972656250000000000           1.5871967841720536     
  0.517106548883020877838134765625000000          -1.1962636111812850     
  0.518084065988659858703613281250000000           1.3196108456950901     
  0.519061583094298839569091796875000000          -2.3352707002258728     
  0.520039100199937820434570312500000000          0.24533786018420603     
  0.521016617305576801300048828125000000           2.0642913183165557     
  0.521994134411215782165527343750000000          -1.3172845471581405     
  0.522971651516854763031005859375000000           1.2946929770219160     
  0.523949168622493743896484375000000000          -1.9286856464594546     
  0.524926685728132724761962890625000000         -0.45843514057136231     
  0.525904202833771705627441406250000000           2.4345378585071193     
  0.526881719939410686492919921875000000          -1.2986043071956768     
  0.527859237045049667358398437500000000           1.1339512102004417     
  0.528836754150688648223876953125000000          -1.4266903287229689     
  0.529814271256327629089355468750000000          -1.1313195864595660     
  0.530791788361966609954833984375000000           2.6655958741140213     
  0.531769305467605590820312500000000000          -1.1353290300981751     
  0.532746822573244571685791015625000000          0.85739485788775605     
  0.533724339678883552551269531250000000         -0.87058670112748482     
  0.534701856784522533416748046875000000          -1.7282298078000997     
  0.535679373890161514282226562500000000           2.7350885986809588     
  0.536656890995800495147705078125000000         -0.83485946345644491     
  0.537634408101439476013183593750000000          0.49473248784633306     
  0.538611925207078456878662109375000000         -0.30479133549012488     
  0.539589442312717437744140625000000000          -2.2098307802122523     
  0.540566959418356418609619140625000000           2.6324581410889167     
  0.541544476523995399475097656250000000         -0.41641462375176541     
  0.542521993629634380340576171875000000           8.2861259909251972E-002
  0.543499510735273361206054687500000000          0.22669289694000333     
  0.544477027840912342071533203125000000          -2.5454978141834741     
  0.545454544946551322937011718750000000           2.3599032103924813     
  0.546432062052190303802490234375000000           9.0400368623344149E-002
  0.547409579157829284667968750000000000         -0.33722093235868283     
  0.548387096263468265533447265625000000          0.68374878833634767     
  0.549364613369107246398925781250000000          -2.7155942018173302     
  0.550342130474746227264404296875000000           1.9323230961513846     
  0.551319647580385208129882812500000000          0.64787054730098681     
  0.552297164686024188995361328125000000         -0.72383243953064247     
  0.553274681791663169860839843750000000           1.0332854418812105     
  0.554252198897302150726318359375000000          -2.7128892216088896     
  0.555229716002941131591796875000000000           1.3762699889510301     
  0.556207233108580112457275390625000000           1.2131123788540488     
  0.557184750214219093322753906250000000          -1.0380797022427337     
  0.558162267319858074188232421875000000           1.2517993775348080     
  0.559139784425497055053710937500000000          -2.5430068338556477     
  0.560117301531136035919189453125000000          0.72799005033791775     
  0.561094818636775016784667968750000000           1.7414478217080887     
  0.562072335742413997650146484375000000          -1.2471053500875047     
  0.563049852848052978515625000000000000           1.3271542692817473     
  0.564027369953691959381103515625000000          -2.2238719717125623     
  0.565004887059330940246582031250000000           3.0705643137029649E-002
  0.565982404164969921112060546875000000           2.1899441505332140     
  0.566959921270608901977539062500000000          -1.3268517331303598     
  0.567937438376247882843017578125000000           1.2594398654736867     
  0.568914955481886863708496093750000000          -1.7842004800192925     
  0.569892472587525844573974609375000000         -0.66864889208996381     
  0.570869989693164825439453125000000000           2.5208389199433441     
  0.571847506798803806304931640625000000          -1.2641176067425093     
  0.572825023904442787170410156250000000           1.0608440461468851     
  0.573802541010081768035888671875000000          -1.2611542067741950     
  0.574780058115720748901367187500000000          -1.3229823325110910     
  0.575757575221359729766845703125000000           2.7045780801700703     
  0.576735092326998710632324218750000000          -1.0577419193990469     
  0.577712609432637691497802734375000000          0.75455056939012055     
  0.578690126538276672363281250000000000         -0.69734853519985118     
  0.579667643643915653228759765625000000          -1.8886139634011072     
  0.580645160749554634094238281250000000           2.7222254710567797     
  0.581622677855193614959716796875000000         -0.71881810780506827     
  0.582600194960832595825195312500000000          0.37275261379064217     
  0.583577712066471576690673828125000000         -0.13745054987260982     
  0.584555229172110557556152343750000000          -2.3285737144011933     
  0.585532746277749538421630859375000000           2.5670513226861678     
  0.586510263383388519287109375000000000         -0.26991947214452439     
  0.587487780489027500152587890625000000          -4.6057419810892328E-002
  0.588465297594666481018066406250000000          0.37536196927424731     
  0.589442814700305461883544921875000000          -2.6153766207009057     
  0.590420331805944442749023437500000000           2.2451720728226139     
  0.591397848911583423614501953125000000          0.25660503837128451     
  0.592375366017222404479980468750000000         -0.46030381019282707     
  0.593352883122861385345458984375000000          0.80279996435922063     
  0.594330400228500366210937500000000000          -2.7330547422888065     
  0.595307917334139347076416015625000000           1.7751886526245662     
  0.596285434439778327941894531250000000          0.82113120487185953     
  0.597262951545417308807373046875000000         -0.82879086162759030     
  0.598240468651056289672851562500000000           1.1144518627324833     
  0.599217985756695270538330078125000000          -2.6782883621778892     
  0.600195502862334251403808593750000000           1.1868494660105064     
  0.601173019967973232269287109375000000           1.3798591093290706     
  0.602150537073612213134765625000000000          -1.1141357546713559     
  0.603128054179251194000244140625000000           1.2901256406781252     
  0.604105571284890174865722656250000000          -2.4605494562052557     
  0.605083088390529155731201171875000000          0.51884133143624522     
  0.606060605496168136596679687500000000           1.8882669663361196     
  0.607038122601807117462158203125000000          -1.2858953880272568     
  0.608015639707446098327636718750000000           1.3213598606884855     
  0.608993156813085079193115234375000000          -2.1012484441939767     
  0.609970673918724060058593750000000000         -0.18411943551436463     
  0.610948191024363040924072265625000000           2.3046457345867424     
  0.611925708130002021789550781250000000          -1.3231360351505923     
  0.612903225235641002655029296875000000           1.2119856619198937     
  0.613880742341279983520507812500000000          -1.6319539147791040     
  0.614858259446918964385986328125000000         -0.87466830372903059     
  0.615835776552557945251464843750000000           2.5934341522436983     
  0.616813293658196926116943359375000000          -1.2162389577899169     
  0.617790810763835906982421875000000000          0.97769731241940583     
  0.618768327869474887847900390625000000          -1.0918281320614300     
  0.619745844975113868713378906250000000          -1.5063813364912000     
  0.620723362080752849578857421875000000           2.7280891980593593     
  0.621700879186391830444335937500000000         -0.96779590131736692     
  0.622678396292030811309814453125000000          0.64466787878458309     
  0.623655913397669792175292968750000000         -0.52448289168683715     
  0.624633430503308773040771484375000000          -2.0372902873031684     
  0.625610947608947753906250000000000000           2.6932633612495707     
  0.626588464714586734771728515625000000         -0.59252081989551808     
  0.627565981820225715637207031250000000          0.24732256751524218     
  0.628543498925864696502685546875000000           2.5494191683766980E-002
  0.629521016031503677368164062500000000          -2.4330485668783011     
  0.630498533137142658233642578125000000           2.4861146320541692     
  0.631476050242781639099121093750000000         -0.11618249549487314     
  0.632453567348420619964599609375000000         -0.17455068934386267     
  0.633431084454059600830078125000000000          0.51606721428792979     
  0.634408601559698581695556640625000000          -2.6695002667747940     
  0.635386118665337562561035156250000000           2.1166434865836616     
  0.636363635770976543426513671875000000          0.42635929254998417     
  0.637341152876615524291992187500000000         -0.57912111219347362     
  0.638318669982254505157470703125000000          0.91105378133675219     
  0.639296187087893486022949218750000000          -2.7344516110137271     
  0.640273704193532466888427734375000000           1.6070279214823568     
  0.641251221299171447753906250000000000          0.99385991273439733     
  0.642228738404810428619384765625000000         -0.92599888642707184     
  0.643206255510449409484863281250000000           1.1829398891024638     
  0.644183772616088390350341796875000000          -2.6285072400025187     
  0.645161289721727371215820312500000000          0.99000671526296147     
  0.646138806827366352081298828125000000           1.5419249188231969     
  0.647116323933005332946777343750000000          -1.1796033427593704     
  0.648093841038644313812255859375000000           1.3149857695062768     
  0.649071358144283294677734375000000000          -2.3649076172718253     
  0.650048875249922275543212890625000000          0.30643628663585909     
  0.651026392355561256408691406250000000           2.0265181690779586     
  0.652003909461200237274169921875000000          -1.3121451347317168     
  0.652981426566839218139648437500000000           1.3024572294727896     
  0.653958943672478199005126953125000000          -1.9683827355874752     
  0.654936460778117179870605468750000000         -0.39778817104406505     
  0.655913977883756160736083984375000000           2.4074650987355257     
  0.656891494989395141601562500000000000          -1.3059827430968167     
  0.657869012095034122467041015625000000           1.1528867613927645     
  0.658846529200673103332519531250000000          -1.4731149361568061     
  0.659824046306312084197998046875000000          -1.0752063501101625     
  0.660801563411951065063476562500000000           2.6516731320578240     
  0.661779080517590045928955078125000000          -1.1551634050617354     
  0.662756597623229026794433593750000000          0.88534599719830720     
  0.663734114728868007659912109375000000         -0.91997389408338559     
  0.664711631834506988525390625000000000          -1.6803891447374419     
  0.665689148940145969390869140625000000           2.7358131841684337     
  0.666666666045784950256347656250000000         -0.86602345322515450     
  0.667644183151423931121826171875000000          0.52878979052652930     
  0.668621700257062911987304687500000000         -0.35324410345613866     
  0.669599217362701892852783203125000000          -2.1733757870578660     
  0.670576734468340873718261718750000000           2.6482484835100815     
  0.671554251573979854583740234375000000         -0.45679790508958756     
  0.672531768679618835449218750000000000          0.11960609159296255     
  0.673509285785257816314697265625000000          0.18289501681725398     
  0.674486802890896797180175781250000000          -2.5226825517545017     
  0.675464319996535778045654296875000000           2.3900561995393184     
  0.676441837102174758911132812500000000           4.3731971738706757E-002
  0.677419354207813739776611328125000000         -0.30143103576346131     
  0.678396871313452720642089843750000000          0.64785712595235534     
  0.679374388419091701507568359375000000          -2.7076476461994106     
  0.680351905524730682373046875000000000           1.9750588973571133     
  0.681329422630369663238525390625000000          0.59844774255112265     
  0.682306939736008644104003906250000000         -0.69256043014796909     
  0.683284456841647624969482421875000000           1.0078288006298544     
  0.684261973947286605834960937500000000          -2.7199293724417157     
  0.685239491052925586700439453125000000           1.4288609968928456     
  0.686217008158564567565917968750000000           1.1647858280915580     
  0.687194525264203548431396484375000000          -1.0145120588128889     
  0.688172042369842529296875000000000000           1.2383898368631749     
  0.689149559475481510162353515625000000          -2.5640415601734792     
  0.690127076581120491027832031250000000          0.78696399894231961     
  0.691104593686759471893310546875000000           1.6980841703145659     
  0.692082110792398452758789062500000000          -1.2337853314943197     
  0.693059627898037433624267578125000000           1.3263674559139631     
  0.694037145003676414489746093750000000          -2.2568863250152029     
  0.695014662109315395355224609375000000           9.2107028814144246E-002
  0.695992179214954376220703125000000000           2.1551187392143469     
  0.696969696320593357086181640625000000          -1.3254642784729052     
  0.697947213426232337951660156250000000           1.2707790256056146     
  0.698924730531871318817138671875000000          -1.8263233790664390     
  0.699902247637510299682617187500000000         -0.60895952587954938     
  0.700879764743149280548095703125000000           2.4975495584552250     
  0.701857281848788261413574218750000000          -1.2753432055290161     
  0.702834798954427242279052734375000000           1.0827905738751316     
  0.703812316060066223144531250000000000          -1.3088911394665037     
  0.704789833165705204010009765625000000          -1.2690146943995064     
  0.705767350271344184875488281250000000           2.6950026329830048     
  0.706744867376983165740966796875000000          -1.0811912884502539     
  0.707722384482622146606445312500000000          0.78469676291326218     
  0.708699901588261127471923828125000000         -0.74686172545032503     
  0.709677418693900108337402343750000000          -1.8439444817322659     
  0.710654935799539089202880859375000000           2.7275425704822669     
  0.711632452905178070068359375000000000         -0.75305308093640377     
  0.712609970010817050933837890625000000          0.40800588690264911     
  0.713587487116456031799316406250000000         -0.18486431296135095     
  0.714565004222095012664794921875000000          -2.2960759541879185     
  0.715542521327733993530273437500000000           2.5873385570619853     
  0.716520038433372974395751953125000000         -0.31255864500587471     
  0.717497555539011955261230468750000000          -9.2153283551398568E-003
  0.718475072644650936126708984375000000          0.33365491619291210     
  0.719452589750289916992187500000000000          -2.5970067469477813     
  0.720430106855928897857666015625000000           2.2793898891414446     
  0.721407623961567878723144531250000000          0.20870411799152294     
  0.722385141067206859588623046875000000         -0.42552346156822507     
  0.723362658172845840454101562500000000          0.76985550480945930     
  0.724340175278484821319580078125000000          -2.7297087755902689     
  0.725317692384123802185058593750000000           1.8212514481426445     
  0.726295209489762783050537109375000000          0.77162761540530533     
  0.727272726595401763916015625000000000         -0.79955112553325602     
  0.728250243701040744781494140625000000           1.0925371757282709     
  0.729227760806679725646972656250000000          -2.6897422988392461     
  0.730205277912318706512451171875000000           1.2417784576565489     
  0.731182795017957687377929687500000000           1.3326411886372040     
  0.732160312123596668243408203125000000          -1.0934535953792177     
  0.733137829229235649108886718750000000           1.2805463046747800     
  0.734115346334874629974365234375000000          -2.4854867784315169     
  0.735092863440513610839843750000000000          0.57898733069206576     
  0.736070380546152591705322265625000000           1.8471447306535655     
  0.737047897651791572570800781250000000          -1.2760727259245339     
  0.738025414757430553436279296875000000           1.3243649391124344     
  0.739002931863069534301757812500000000          -2.1373726447783836     
  0.739980448968708515167236328125000000         -0.12280073931238648     
  0.740957966074347496032714843750000000           2.2730474574797648     
  0.741935483179986476898193359375000000          -1.3255640330386054     
  0.742913000285625457763671875000000000           1.2267581248039758     
  0.743890517391264438629150390625000000          -1.6761769518446756     
  0.744868034496903419494628906250000000         -0.81631009930783827     
  0.745845551602542400360107421875000000           2.5741311888540386     
  0.746823068708181381225585937500000000          -1.2312755133528221     
  0.747800585813820362091064453125000000           1.0024303510164745     
  0.748778102919459342956542968750000000          -1.1405197440894155     
  0.749755620025098323822021484375000000          -1.4548924810213841     
  0.750733137130737304687500000000000000           2.7229709405833389     
  0.751710654236376285552978515625000000         -0.99472630273975604     
  0.752688171342015266418457031250000000          0.67672083225835222     
  0.753665688447654247283935546875000000         -0.57376091519313466     
  0.754643205553293228149414062500000000          -1.9960596771707200     
  0.755620722658932209014892578125000000           2.7031802755603223     
  0.756598239764571189880371093750000000         -0.62960490281553916     
  0.757575756870210170745849609375000000          0.28344384563965447     
  0.758553273975849151611328125000000000          -2.0544428998926841E-002
  0.759530791081488132476806640625000000          -2.4046902449128349     
  0.760508308187127113342285156250000000           2.5108019639335142     
  0.761485825292766094207763671875000000         -0.16078475164098474     
  0.762463342398405075073242187500000000         -0.13795163332587845     
  0.763440859504044055938720703125000000          0.47673572744852577     
  0.764418376609683036804199218750000000          -2.6556592017092506     
  0.765395893715322017669677734375000000           2.1547318635777133     
  0.766373410820960998535156250000000000          0.37756681484378912     
  0.767350927926599979400634765625000000         -0.54567460583291760     
  0.768328445032238960266113281250000000          0.88126775196929774     
  0.769305962137877941131591796875000000          -2.7356852893844690     
  0.770283479243516921997070312500000000           1.6561402167490846     
  0.771260996349155902862548828125000000          0.94463788361973799     
  0.772238513454794883728027343750000000         -0.89907267022153248     
  0.773216030560433864593505859375000000           1.1646887608042067     
  0.774193547666072845458984375000000000          -2.6442522198053240     
  0.775171064771711826324462890625000000           1.0469337262521772     
  0.776148581877350807189941406250000000           1.4961706891054887     
  0.777126098982989788055419921875000000          -1.1620212748273597     
  0.778103616088628768920898437500000000           1.3092597759737721     
  0.779081133194267749786376953125000000          -2.3935334810947873     
  0.780058650299906730651855468750000000          0.36737755376926606     
  0.781036167405545711517333984375000000           1.9879568501576983     
  0.782013684511184692382812500000000000          -1.3059495567367665     
  0.782991201616823673248291015625000000           1.3091779796743515     
  0.783968718722462654113769531250000000          -2.0073289803237309     
  0.784946235828101634979248046875000000         -0.33693722896752304     
  0.785923752933740615844726562500000000           2.3793522532159579     
  0.786901270039379596710205078125000000          -1.3122596234645969     
  0.787878787145018577575683593750000000           1.1709240625101442     
  0.788856304250657558441162109375000000          -1.5190997933390422     
  0.789833821356296539306640625000000000          -1.0185434683687868     
  0.790811338461935520172119140625000000           2.6365326880453441     
  0.791788855567574501037597656250000000          -1.1739443816387942     
  0.792766372673213481903076171875000000          0.91261937008157024     
  0.793743889778852462768554687500000000         -0.96925840753375481     
  0.794721406884491443634033203125000000          -1.6316947816737586     
  0.795698923990130424499511718750000000           2.7352314333157390     
  0.796676441095769405364990234375000000         -0.89627277872391042     
  0.797653958201408386230468750000000000          0.56244639116013084     
  0.798631475307047367095947265625000000         -0.40193044796740551     
  0.799608992412686347961425781250000000          -2.1358275558531346     
  0.800586509518325328826904296875000000           2.6627406142603074     
  0.801564026623964309692382812500000000         -0.49648554055069810     
  0.802541543729603290557861328125000000          0.15626067260732010     
  0.803519060835242271423339843750000000          0.13855466706179698     
  0.804496577940881252288818359375000000          -2.4986168756839104     
  0.805474095046520233154296875000000000           2.4190161016256333     
  0.806451612152159214019775390625000000          -2.5232687275563107E-003
  0.807429129257798194885253906250000000         -0.26541342470592993     
  0.808406646363437175750732421875000000          0.61116566624071755     
  0.809384163469076156616210937500000000          -2.6983872650926872     
  0.810361680574715137481689453125000000           2.0167964038670640     
  0.811339197680354118347167968750000000          0.54911414528509461     
  0.812316714785993099212646484375000000         -0.66076170356804564     
  0.813294231891632080078125000000000000          0.98138654305044659     
  0.814271748997271060943603515625000000          -2.7256901234668605     
  0.815249266102910041809082031250000000           1.4807238263945344     
  0.816226783208549022674560546875000000           1.1162085487346958     
  0.817204300314188003540039062500000000         -0.99016261236290937     
  0.818181817419826984405517578125000000           1.2238944815560804     
  0.819159334525465965270996093750000000          -2.5839255921661994     
  0.820136851631104946136474609375000000          0.84553496912766812     
  0.821114368736743927001953125000000000           1.6541407846827678     
  0.822091885842382907867431640625000000          -1.2194937703192352     
  0.823069402948021888732910156250000000           1.3244874244059945     
  0.824046920053660869598388671875000000          -2.2889620786368705     
  0.825024437159299850463867187500000000          0.15346116489479064     
  0.826001954264938831329345703125000000           2.1194217476375137     
  0.826979471370577812194824218750000000          -1.3229970689594646     
  0.827956988476216793060302734375000000           1.2811100416194292     
  0.828934505581855773925781250000000000          -1.8677858158854435     
  0.829912022687494754791259765625000000         -0.54895809893884107     
  0.830889539793133735656738281250000000           2.4731573885136986     
  0.831867056898772716522216796875000000          -1.2854719915063706     
  0.832844574004411697387695312500000000           1.1038987435465573     
  0.833822091110050678253173828125000000          -1.3562893741007724     
  0.834799608215689659118652343750000000          -1.2143993317231718     
  0.835777125321328639984130859375000000           2.6841725878026987     
  0.836754642426967620849609375000000000          -1.1036202298956990     
  0.837732159532606601715087890625000000          0.81424451884316107     
  0.838709676638245582580566406250000000         -0.79637590734147912     
  0.839687193743884563446044921875000000          -1.7983406330259801     
  0.840664710849523544311523437500000000           2.7315454024532317     
  0.841642227955162525177001953125000000         -0.78643220531929714     
  0.842619745060801506042480468750000000          0.44295056561185731     
  0.843597262166440486907958984375000000         -0.23260973828768805     
  0.844574779272079467773437500000000000          -2.2624277402463662     
  0.845552296377718448638916015625000000           2.6063494982082025     
  0.846529813483357429504394531250000000         -0.35458235395340326     
  0.847507330588996410369873046875000000           2.7633715202543294E-002
  0.848484847694635391235351562500000000          0.29132060074434146     
  0.849462364800274372100830078125000000          -2.5773568987973818     
  0.850439881905913352966308593750000000           2.3124649421686230     
  0.851417399011552333831787109375000000          0.16112102750480115     
  0.852394916117191314697265625000000000         -0.39042119310592971     
  0.853372433222830295562744140625000000          0.73604634900181276     
  0.854349950328469276428222656250000000          -2.7250491188015658     
  0.855327467434108257293701171875000000           1.8663910136366346     
  0.856304984539747238159179687500000000          0.72211023715231426     
  0.857282501645386219024658203125000000         -0.76970131627729088     
  0.858260018751025199890136718750000000           1.0695968405024161     
  0.859237535856664180755615234375000000          -2.6999463903221654     
  0.860215052962303161621093750000000000           1.2960734758855519     
  0.861192570067942142486572265625000000           1.2850700100642900     
  0.862170087173581123352050781250000000          -1.0719241077980441     
  0.863147604279220104217529296875000000           1.2698689438983171     
  0.864125121384859085083007812500000000          -2.5093298123742596     
  0.865102638490498065948486328125000000          0.63883659730485087     
  0.866080155596137046813964843750000000           1.8053488524859909     
  0.867057672701776027679443359375000000          -1.2652363762488246     
  0.868035189807415008544921875000000000           1.3262931173062702     
  0.869012706913053989410400390625000000          -2.1726368525018649     
  0.869990224018692970275878906250000000          -6.1419049251662097E-002
  0.870967741124331951141357421875000000           2.2404998372520404     
  0.871945258229970932006835937500000000          -1.3268971821453739     
  0.872922775335609912872314453125000000           1.2405656966055869     
  0.873900292441248893737792968750000000          -1.7198339731396202     
  0.874877809546887874603271484375000000         -0.75753394941294239     
  0.875855326652526855468750000000000000           2.5536700959821044     
  0.876832843758165836334228515625000000          -1.2452287076196251     
  0.877810360863804817199707031250000000           1.0263914598463828     
  0.878787877969443798065185546875000000          -1.1889753794523978     
  0.879765395075082778930664062500000000          -1.4026623897348061     
  0.880742912180721759796142578125000000           2.7165697726139872     
  0.881720429286360740661621093750000000          -1.0206774670442227     
  0.882697946391999721527099609375000000          0.70825932957087989     
  0.883675463497638702392578125000000000         -0.62314275974144961     
  0.884652980603277683258056640625000000          -1.9538206074872768     
  0.885630497708916664123535156250000000           2.7117840896904983     
  0.886608014814555644989013671875000000         -0.66589901791423312     
  0.887585531920194625854492187500000000          0.31935103244548751     
  0.888563049025833606719970703125000000          -6.7009528189974840E-002
  0.889540566131472587585449218750000000          -2.3751323198832952     
  0.890518083237111568450927734375000000           2.5342438249672710     
  0.891495600342750549316406250000000000         -0.20485706202433063     
  0.892473117448389530181884765625000000         -0.10124847637346714     
  0.893450634554028511047363281250000000          0.43669760715214212     
  0.894428151659667491912841796875000000          -2.6405175286560003     
  0.895405668765306472778320312500000000           2.1917358149610577     
  0.896383185870945453643798828125000000          0.32899367226756870     
  0.897360702976584434509277343750000000         -0.51181447324947149     
  0.898338220082223415374755859375000000          0.85055925580676561     
  0.899315737187862396240234375000000000          -2.7356145037044199     
  0.900293254293501377105712890625000000           1.7044108436189747     
  0.901270771399140357971191406250000000          0.89529833661176295     
  0.902248288504779338836669921875000000         -0.87145776839844491     
  0.903225805610418319702148437500000000           1.1453802076689408     
  0.904203322716057300567626953125000000          -2.6587854545613934     
  0.905180839821696281433105468750000000           1.1033254401205823     
  0.906158356927335262298583984375000000           1.4499624494226684     
  0.907135874032974243164062500000000000          -1.1435329605739788     
  0.908113391138613224029541015625000000           1.3024322617131179     
  0.909090908244252204895019531250000000          -2.4211287991047015     
  0.910068425349891185760498046875000000          0.42813042931054179     
  0.911045942455530166625976562500000000           1.9486321433254354     
  0.912023459561169147491455078125000000          -1.2987060863820070     
  0.913000976666808128356933593750000000           1.3148466177773532     
  0.913978493772447109222412109375000000          -2.0454993994906885     
  0.914956010878086090087890625000000000         -0.27591349451280600     
  0.915933527983725070953369140625000000           2.3502185362046526     
  0.916911045089364051818847656250000000          -1.3174351957892008     
  0.917888562195003032684326171875000000           1.1880472700598128     
  0.918866079300642013549804687500000000          -1.5646164405443874     
  0.919843596406280994415283203125000000         -0.96135970668330240     
  0.920821113511919975280761718750000000           2.6201866207894486     
  0.921798630617558956146240234375000000          -1.1916640821048947     
  0.922776147723197937011718750000000000          0.93919325378978558     
  0.923753664828836917877197265625000000          -1.0184105738408187     
  0.924731181934475898742675781250000000          -1.5821708959493097     
  0.925708699040114879608154296875000000           2.7333472733313333     
  0.926686216145753860473632812500000000         -0.92559199324048458     
  0.927663733251392841339111328125000000          0.59567651435232327     
  0.928641250357031822204589843750000000         -0.45082184438098966     
  0.929618767462670803070068359375000000          -2.0972038618741058     
  0.930596284568309783935546875000000000           2.6759299268694599     
  0.931573801673948764801025390625000000         -0.53545568364327611     
  0.932551318779587745666503906250000000          0.19279732682611206     
  0.933528835885226726531982421875000000           9.3696984521924750E-002
  0.934506352990865707397460937500000000          -2.4733108464336770     
  0.935483870096504688262939453125000000           2.4467700598290150     
  0.936461387202143669128417968750000000          -4.8338797091570608E-002
  0.937438904307782649993896484375000000         -0.22919537160548889     
  0.938416421413421630859375000000000000          0.57369419722048209     
  0.939393938519060611724853515625000000          -2.6878146947669799     
  0.940371455624699592590332031250000000           2.0575154364999548     
  0.941348972730338573455810546875000000          0.49989894163285931     
  0.942326489835977554321289062500000000         -0.62846085645781835     
  0.943304006941616535186767578125000000          0.95397158591898079     
  0.944281524047255516052246093750000000          -2.7301646352441753     
  0.945259041152894496917724609375000000           1.5318324768153972     
  0.946236558258533477783203125000000000           1.0674100547480989     
  0.947214075364172458648681640625000000         -0.96505122649324004     
  0.948191592469811439514160156250000000           1.2083183931407679     
  0.949169109575450420379638671875000000          -2.6026442235526970     
  0.950146626681089401245117187500000000          0.90367309556449116     
  0.951124143786728382110595703125000000           1.6096451624836947     
  0.952101660892367362976074218750000000          -1.2042441197750338     
  0.953079177998006343841552734375000000           1.3215110906780554     
  0.954056695103645324707031250000000000          -2.3200778791065577     
  0.955034212209284305572509765625000000          0.21473658093455875     
  0.956011729314923286437988281250000000           2.0828764574845957     
  0.956989246420562267303466796875000000          -1.3194559851239662     
  0.957966763526201248168945312500000000           1.2904219918666930     
  0.958944280631840229034423828125000000          -1.9085615224722243     
  0.959921797737479209899902343750000000         -0.48867530145577226     
  0.960899314843118190765380859375000000           2.4476795953538422     
  0.961876831948757171630859375000000000          -1.2945017193332349     
  0.962854349054396152496337890625000000           1.1241507547046625     
  0.963831866160035133361816406250000000          -1.4033198356287648     
  0.964809383265674114227294921875000000          -1.1591638301955773     
  0.965786900371313095092773437500000000           2.6720976219892822     
  0.966764417476952075958251953125000000          -1.1250184740131162     
  0.967741934582591056823730468750000000          0.84317066952744402     
  0.968719451688230037689208984375000000         -0.84586151350274785     
  0.969696968793869018554687500000000000          -1.7518248175730338     
  0.970674485899507999420166015625000000           2.7342353069437513     
  0.971652003005146980285644531250000000         -0.81893793651283553     
  0.972629520110785961151123046875000000          0.47756005767841103     
  0.973607037216424942016601562500000000         -0.28065910438792802     
  0.974584554322063922882080078125000000          -2.2276446126504115     
  0.975562071427702903747558593750000000           2.6240769681314773     
  0.976539588533341884613037109375000000         -0.39596711950303065     
  0.977517105638980865478515625000000000           6.4461911501241170E-002
  0.978494622744619846343994140625000000          0.24838272202887590     
  0.979472139850258827209472656250000000          -2.5564346182456910     
  0.980449656955897808074951171875000000           2.3443820200914209     
  0.981427174061536788940429687500000000          0.11388335695078401     
  0.982404691167175769805908203125000000         -0.35502369696188601     
  0.983382208272814750671386718750000000          0.70139033113528826     
  0.984359725378453731536865234375000000          -2.7190748032573713     
  0.985337242484092712402343750000000000           1.9105852156561178     
  0.986314759589731693267822265625000000          0.67260860533465472     
  0.987292276695370674133300781250000000         -0.73926479332649964     
  0.988269793801009654998779296875000000           1.0456414631032547     
  0.989247310906648635864257812500000000          -2.7088913089360833     
  0.990224828012287616729736328125000000           1.3497071195096439     
  0.991202345117926597595214843750000000           1.2371747190086024     
  0.992179862223565578460693359375000000          -1.0495653606992568     
  0.993157379329204559326171875000000000           1.2580961593679549     
  0.994134896434843540191650390625000000          -2.5320616736588555     
  0.995112413540482521057128906250000000          0.69835852884037042     
  0.996089930646121501922607421875000000           1.7629057677815172     
  0.997067447751760482788085937500000000          -1.2533975839107150     
  0.998044964857399463653564453125000000           1.3271388610762489     
  0.999022481963038444519042968750000000          -2.2070180144825855     
  0.999999999068677425384521484375000000          -5.8516723170640972E-006
   1.00097751617431640625000000000000000           2.2070244802548524     
