           1   2.20702155442014991137966717360541224      
           2   2.20705129605447414320451571256853640      
           3   2.20714052803503690824982186313718557      
           4   2.20728927159965060411650483729317784      
           5   2.20749756216158221633349967305548489      
           6   2.20776544933481533306007804640103132      
           7   2.20809299696956751191123657918069512      
           8   2.20848028319809319697242244728840888      
           9   2.20892740049057678675126226153224707      
          10   2.20943445572168117863043335091788322      
          11   2.21000157024728549615133488259743899      
          12   2.21062887999201196365106625307817012      
          13   2.21131653554730567279307251737918705      
          14   2.21206470228045626313928551098797470      
          15   2.21287356045450689379094910691492260      
          16   2.21374330535943153464017996157053858      
          17   2.21467414745449175939029373694211245      
          18   2.21566631252258972040181106422096491      
          19   2.21672004183559989698437675542663783      
          20   2.21783559233255367360015952726826072      
          21   2.21901323680962736517585653928108513      
          22   2.22025326412277790311122771527152508      
          23   2.22155597940326554606826903182081878      
          24   2.22292170428632873679930526122916490      
          25   2.22435077715331530612274946179240942      
          26   2.22584355338779804611704093986190856      
          27   2.22740040564586649907141691073775291      
          28   2.22902172414104349229546642163768411      
          29   2.23070791694436731944506391300819814      
          30   2.23245941030005834448957102722488344      
          31   2.23427664895711020065505181264597923      
          32   2.23616009651756764142760403046850115      
          33   2.23811023580180323833133115840610117      
          34   2.24012756923154299215639184694737196      
          35   2.24221261923117243242131735314615071      
          36   2.24436592864792272550289453647565097      
          37   2.24658806119174991877684988139662892      
          38   2.24887960189548374856371992791537195      
          39   2.25124115759607823505916712747421116      
          40   2.25367335743776475709410078707151115      
          41   2.25617685339791496090811051544733346      
          42   2.25875232083648791459040694462601095      
          43   2.26140045907016906667763578298036009      
          44   2.26412199197189067945146234706044197      
          45   2.26691766859701271386029475252144039      
          46   2.26978826383728504723080732219386846      
          47   2.27273457910345522137163243314716965      
          48   2.27575744303818172653564033680595458      
          49   2.27885771226026356828242569463327527      
          50   2.28203627214149218360716986353509128      
          51   2.28529403761785365745140552462544292      
          52   2.28863195403639219094316104019526392      
          53   2.29205099803936551694505396881140769      
          54   2.29555217848742199038269973243586719      
          55   2.29913653742370627242053160443902016      
          56   2.30280515108054029127515605068765581      
          57   2.30655913093086439857870573177933693      
          58   2.31039962478672489254449828877113760      
          59   2.31432781794636310834789583168458194      
          60   2.31834493439340594278519347426481545      
          61   2.32245223804955314150788581173401326      
          62   2.32665103408407913931910115934442729      
          63   2.33094267028283530507337673043366522      
          64   2.33532853847952193149239974445663393      
          65   2.33981007605280399985758776892907917      
          66   2.34438876749212798955568359815515578      
          67   2.34906614603623609127680538222193718      
          68   2.35384379538784882512914009566884488      
          69   2.35872335150867940001262468285858631      
          70   2.36370650449898977996099347365088761      
          71   2.36879500056610492464415074209682643      
          72   2.37399064408694027150659167091362178      
          73   2.37929529976928799683832949085626751      
          74   2.38471089491750243283263444027397782      
          75   2.39023942180853099515047688328195363      
          76   2.39588294018390435269338922807946801      
          77   2.40164357986475840434081874263938516      
          78   2.40752354349660491195095346483867615      
          79   2.41352510943126619125109755259472877      
          80   2.41965063475404296156057171174325049      
          81   2.42590255846445579379633272765204310      
          82   2.43228340481950056073401356115937233      
          83   2.43879578684937037280633376212790608      
          84   2.44544241005568308011675071611534804      
          85   2.45222607630322730898342342698015273      
          86   2.45914968791721388896576172555796802      
          87   2.46621625199848715226380591047927737      
          88   2.47342888497032564742994509288109839      
          89   2.48079081737117412842508201720193028      
          90   2.48830539890906221600630487955641001      
          91   2.49597610379412682135580325848422945      
          92   2.50380653636745442724986787652596831      
          93   2.51180043704512945268447765556629747      
          94   2.51996168859843727716452121967449784      
          95   2.52829432279232557689852001203689724      
          96   2.53680252740612299788836025982163846      
          97   2.54549065366227145190691771858837456      
          98   2.55436322409094263008455527597106993      
          99   2.56342494086030914246521206223405898      
         100   2.57268069460526360714425209152977914      
         101   2.58213557378906832795451009587850422      
         102   2.59179487463602775676463352283462882      
         103   2.60166411167608124799244251335039735      
         104   2.61174902894537375175332272192463279      
         105   2.62205561189100588848077677539549768      
         106   2.63259010003191695759028334578033537      
         107   2.64335900043224336641856098140124232      
         108   2.65436910204861531425990506249945611      
         109   2.66562749101807439089384388353209943      
         110   2.67714156695895377779947921226266772      
         111   2.68891906036395189616428069712128490      
         112   2.70096805117136229412722059350926429      
         113   2.71329698860846280084047066338825971      
         114   2.72591471240973959311304497532546520      
         115   2.73883047552182512518470502982381731      
         116   2.75205396841824478926241681620012969      
         117   2.76559534515821558997572537919040769      
         118   2.77946525133685984343401287333108485      
         119   2.79367485408862936679952326812781394      
         120   2.80823587432194354818193460232578218      
         121   2.82316062138028911476794746704399586      
         122   2.83846203034539357190624286886304617      
         123   2.85415370221991260279992275172844529      
         124   2.87024994725183058008610714750830084      
         125   2.88676583169027445308074675267562270      
         126   2.90371722829359901751899997179862112      
         127   2.92112087094493277916740225919056684      
         128   2.93899441376966619188237928028684109      
         129   2.95735649519294074849540265859104693      
         130   2.97622680742446465984585302066989243      
         131   2.99562617191424607199223828501999378      
         132   3.01557662138472437618474941700696945      
         133   3.03610148911729726961539199692197144      
         134   3.05722550625096989307394323986954987      
         135   3.07897490794336414765552945027593523      
         136   3.10137754934853937527350353775545955      
         137   3.12446303248541257246984059747774154      
         138   3.14826284520640209407815746089909226      
         139   3.17281051363256594299855350982397795      
         140   3.19814176959920626330813320237211883      
         141   3.22429473486288120653853184194304049      
         142   3.25131012405649233443227785755880177      
         143   3.27923146865342651778973959153518081      
         144   3.30810536451817194247837505827192217      
         145   3.33798174598829167081248670001514256      
         146   3.36891418985990664936025495990179479      
         147   3.40096025314699934583018148259725422      
         148   3.43418184906932610900298641354311258      
         149   3.46864566640360072469206897949334234      
         150   3.50442363814016077938617854670155793      
         151   3.54159346633206562060536271019373089      
         152   3.58023921114617582617256630328483880      
         153   3.62045195345579351453579874942079186      
         154   3.66233054189926887644901398743968457      
         155   3.70598243722184683690556994406506419      
         156   3.75152466898896186364709137706086040      
         157   3.79908492249154816633449627261143178      
         158   3.84880277696697170597417425597086549      
         159   3.90083112026599776456237123056780547      
         160   3.95533776997923069984608446247875690      
         161   4.01250733701249995277748894295655191      
         162   4.07254337494992224577572415000759065      
         163   4.13567086762394708898682438302785158      
         164   4.20213911859003008686386237968690693      
         165   4.27222512028720124988012685207650065      
         166   4.34623749835019790310752796358428895      
         167   4.42452114887928704689556980156339705      
         168   4.50746271487118832510532229207456112      
         169   4.59549708435080628277091818745248020      
         170   4.68911513956421988069678263855166733      
         171   4.78887304736924157566591020440682769      
         172   4.89540346047310404031804864644072950      
         173   5.00942910406076968854449660284444690      
         174   5.13177936196649486788601279840804636      
         175   5.26341066411710922778866006410680711      
         176   5.40543173155658518425070724333636463      
         177   5.55913508464063177427760820137336850      
         178   5.72603670479410276072940177982673049      
         179   5.90792642161213166218658443540334702      
         180   6.10693256780739801570234703831374645      
         181   6.32560584782525481273296463768929243      
         182   6.56702942723276983372215909184888005      
         183   6.83496533084262924973018016316927969      
         184   7.13405193089043532239656997262500226      
         185   7.47007460808980816580060491105541587      
         186   7.85034329444097611627739752293564379      
         187   8.28422960368330052460805745795369148      
         188   8.78394820922710906074826198164373636      
         189   9.36572266462441582746123458491638303      
         190   10.0515760413131385320184563170187175      
         191   10.8721753708657207226906393771059811      
         192   11.8715320939268611510897244443185627      
         193   13.1151437839044717748038237914443016      
         194   14.7049249234121575113931612577289343      
         195   16.8085973605161100863369938451796770      
         196   19.7230222506203212162745330715551972      
         197   24.0281032644054590718951658345758915      
         198   31.0296645193280866692475683521479368      
         199   44.4126514980572011381809716112911701      
         200   80.1914286975799797119179856963455677      
         201   482.035005892980620956222992390394211      
         202   115.128016013103206205414608120918274      
         203   50.4364870327746004363689280580729246      
         204   31.8837307756293952820669801440089941      
         205   23.0878348861100164413073798641562462      
         206   17.9567972843441694408284092787653208      
         207   14.5967653012251332711457507684826851      
         208   12.2272025882696429022189477109350264      
         209   10.4676373654818828384804874076507986      
         210   9.11047033152861018834300921298563480      
         211   8.03281597949348302734051685547456145      
         212   7.15730055734841208447960525518283248      
         213   6.43278563356932675532107168692164123      
         214   5.82412424988975629958076751790940762      
         215   5.30636937282302589835580874932929873      
         216   4.86132942860344652302728718495927751      
         217   4.47543132833580603602285918896086514      
         218   4.13834629610316273584658119943924248      
         219   3.84207854913396662510649548494257033      
         220   3.58034448361747070777028056909330189      
         221   3.34813963721705842857545576407574117      
         222   3.14143020299019282148833553947042674      
         223   2.95692907102034752142571960575878620      
         224   2.79193042309232763997783877130132169      
         225   2.64418564778000986237316283222753555      
         226   2.51180891824846375115498631203081459      
         227   2.39320441008980910879699877114035189      
         228   2.28700955453738608014191413531079888      
         229   2.19205035959751270979722903575748205      
         230   2.10730595686011445977214862068649381      
         231   2.03188031405893498870796065602917224      
         232   1.96497960129753912461580966919427738      
         233   1.90589408340165955557665711239678785      
         234   1.85398368013152081701377937861252576      
         235   1.80866652355216017689087948383530602      
         236   1.76940997207764283416508988011628389      
         237   1.73572363181329625270166161499219015      
         238   1.70715400163945818512445384840248153      
         239   1.68328040928279176746684697718592361      
         240   1.66371194861389160024600641918368638      
         241   1.64808516808998972713595776440342888      
         242   1.63606229884831688714541542140068486      
         243   1.62732984892598597781443459098227322      
         244   1.62159742677989759940260228177066892      
         245   1.61859669151325302749455659068189561      
         246   1.61808035775681879897547332802787423      
         247   1.61982120906054793962880467006471008      
         248   1.62361109445608642332103954686317593      
         249   1.62925989854961983382963808253407478      
         250   1.63659448650066829955562752729747444      
         251   1.64545763219925578191293880081502721      
         252   1.65570694166999277108232035971013829      
         253   1.66721378501465111732215973461279646      
         254   1.67986224980076026547237688646418974      
         255   1.69354812733691328929808150860480964      
         256   1.70817794124110489129009238240541890      
         257   1.72366802546898556514065603550989181      
         258   1.73994365677061657571300656854873523      
         259   1.75693824454242464305764315213309601      
         260   1.77459257931531300123140226787654683      
         261   1.79285413970176388254174071335000917      
         262   1.81167645651130149175855876819696277      
         263   1.83101853190930508041844859690172598      
         264   1.85084431090526702057275088009191677      
         265   1.87112220207342416777862581511726603      
         266   1.89182464419303442149100646929582581      
         267   1.91292771541082995412352829589508474      
         268   1.93441078154509882303102585865417495      
         269   1.95625618023934122469142948830267414      
         270   1.97844893781558850420765338640194386      
         271   2.00097651585201941060176977771334350      
         272   2.02382858470597692956971513922326267      
         273   2.04699682140794125828620053653139621      
         274   2.07047472956036715530103720084298402      
         275   2.09425747907837367378647286386694759      
         276   2.11834176380594696453840697358828038      
         277   2.14272567522692414243579150934237987      
         278   2.16740859066484903294735886447597295      
         279   2.19239107452725079383526463061571121      
         280   2.21767479129949585114900401094928384      
         281   2.24326242912959239461656579806003720      
         282   2.26915763297049855040654620097484440      
         283   2.29536494635919430251647099794354290      
         284   2.32188976101484234604299672355409712      
         285   2.34873827353074160484425192407798022      
         286   2.37591744851872066490727775089908391      
         287   2.40343498763987550859155817306600511      
         288   2.43129930402393634736313288158271462      
         289   2.45951950164045785029998114623595029      
         290   2.48810535924109199612530574086122215      
         291   2.51706731854142296000986789294984192      
         292   2.54641647635711265706959238741546869      
         293   2.57616458044951812667022750247269869      
         294   2.60632402887396530388741666683927178      
         295   2.63690787265808435080316485255025327      
         296   2.66792982166907055585625130333937705      
         297   2.69940425355818147679087815049570054      
         298   2.73134622569787177681632783787790686      
         299   2.76377149005240463353061386442277580      
         300   2.79669651094744420305460153031162918      
         301   2.83013848572626480759595324343536049      
         302   2.86411536830359425565006858960259706      
         303   2.89864589564904706620040997222531587      
         304   2.93374961725356842023870740376878530      
         305   2.96944692765392126432288932846859097      
         306   3.00575910211148267237035724974703044      
         307   3.04270833556310371648123691556975245      
         308   3.08031778498484509754007376614026725      
         309   3.11861161533200004214450018480420113      
         310   3.15761504924349711842523902305401862      
         311   3.19735442072430808835292737057898194      
         312   3.23785723304660733035120756539981812      
         313   3.27915222113997417707764725491870195      
         314   3.32126941877190340335346263600513339      
         315   3.36424023085372869701359377359040082      
         316   3.40809751124479554107438161736354232      
         317   3.45287564646666167433863847691100091      
         318   3.49861064578414016068563796579837799      
         319   3.54534023815795196199474048626143485      
         320   3.59310397662723390865835426666308194      
         321   3.64194335073881791942085328628309071      
         322   3.69190190770581683210593837429769337      
         323   3.74302538304994758533439380698837340      
         324   3.79536184156299327696615364402532578      
         325   3.84896182951239262948206487635616213      
         326   3.90387853911616611313206703925970942      
         327   3.96016798642458578427749671391211450      
         328   4.01788920387183523530438833404332399      
         329   4.07710444890183776323056008550338447      
         330   4.13787943023142901211031130515038967      
         331   4.20028355349332294110809016274288297      
         332   4.26439018820240445251101846224628389      
         333   4.33027695821876612569667486241087317      
         334   4.39802605813873626061649702023714781      
         335   4.46772459833970447817819149349816144      
         336   4.53946498173846268997522201971150935      
         337   4.61334531570436912062405099277384579      
         338   4.68946986300253421120487473672255874      
         339   4.76794953614108862893772311508655548      
         340   4.84890244006630677375824234331957996      
         341   4.93245446880493698671443780767731369      
         342   5.01873996240823849745993356918916106      
         343   5.10790243142283806321302108699455857      
         344   5.20009535712144632668696431210264564      
         345   5.29548307689462305347660731058567762      
         346   5.39424176556318002440093550831079483      
         347   5.49656052495328317775147297652438283      
         348   5.60264259592661328923668406787328422      
         349   5.71270670922467171948255781899206340      
         350   5.82698859403362767750422790413722396      
         351   5.94574266617774327414736035279929638      
         352   6.06924392139829294023911643307656050      
         353   6.19779006338324922609217537683434784      
         354   6.33170390122163340151928423438221216      
         355   6.47133605693517122148250564350746572      
         356   6.61706803090573547621033867471851408      
         357   6.76931568163442332064505535527132452      
         358   6.92853318667337614300549830659292638      
         359   7.09521756418600180182920666993595660      
         360   7.26991384994837197552897123387083411      
         361   7.45322104338343027762903147959150374      
         362   7.64579895928972685936741982004605234      
         363   7.84837615040413627554016784415580332      
         364   8.06175910127029915486218669684603810      
         365   8.28684293795591919717935525113716722      
         366   8.52462395343933643232503527542576194      
         367   8.77621431823034647834447241621091962      
         368   9.04285943433251837575426179682835937      
         369   9.32595850379854773848364857258275151      
         370   9.62708902871417748769999889191240072      
         371   9.94803614814225944940062618115916848      
         372   10.2908279640373958585541913635097444      
         373   10.6577783327555888348570078960619867      
         374   11.0515390300539699808268778724595904      
         375   11.4751637758247237997011325205676258      
         376   11.9321873881526414606923935934901237      
         377   12.4267244086780355161181432777084410      
         378   12.9635930262556726688671915326267481      
         379   13.5484722078041137649506708839908242      
         380   14.1881029030795975387491125729866326      
         381   14.8905484534517391637109540170058608      
         382   15.6655355768598756327492083073593676      
         383   16.5249065979244704749362426809966564      
         384   17.4832277001576130714965984225273132      
         385   18.5586198316135195796050538774579763      
         386   19.7739135292293397583307523746043444      
         387   21.1582852207372589248279837192967534      
         388   22.7496266912075135735449293861165643      
         389   24.5980618978863994072980858618393540      
         390   26.7713162016771732965025876183062792      
         391   29.3631859132977801607466972200199962      
         392   32.5074191101195566488968324847519398      
         393   36.4015219491198038781476498115807772      
         394   41.3498908834746501383961003739386797      
         395   47.8474382352385703143227146938443184      
         396   56.7562900802373135888956312555819750      
         397   69.7239293045726356012892210856080055      
         398   90.3411952089530245757487136870622635      
         399   128.206171371935425895571825094521046      
         400   220.517342938971523835789412260055542      
         401   785.014068513071947563730645924806595      
         402   504.365917438122437488345894962549210      
         403   191.033251386748503364287898875772953      
         404   117.897130047303377864409412723034620      
         405   85.2926303254193811653749435208737850      
         406   66.8377141225010262814976158551871777      
         407   54.9644417005784191587736131623387337      
         408   46.6852625317049216846498893573880196      
         409   40.5831630958145836984840570949018002      
         410   35.8995178713324918362559401430189610      
         411   32.1914998786298696131780161522328854      
         412   29.1832453939874874038196139736101031      
         413   26.6939427927757648717488336842507124      
         414   24.6001403762621428938928147545084357      
         415   22.8146721092849666945312492316588759      
         416   21.2742386822028315407351328758522868      
         417   19.9317623355222046654944278998300433      
         418   18.7515035047809668355967005481943488      
         419   17.7058413954717828175944305257871747      
         420   16.7730925804199131334826233796775341      
         421   15.9359970673438819943612543283961713      
         422   15.1806451253239469423306218232028186      
         423   14.4957020910959020199015867547132075      
         424   13.8718388972514592438756153569556773      
         425   13.3013073263837657833619232405908406      
         426   12.7776188240528156825348560232669115      
         427   12.2952985636542226899337038048543036      
         428   11.8496949667557718299804037087596953      
         429   11.4368306186946515623503728420473635      
         430   11.0532844509169461133524237084202468      
         431   10.6960977981472975528731694794259965      
         432   10.3626988704343805380858611897565424      
         433   10.0508415619928168638352872221730649      
         434   9.75855551924036745958801475353538990      
         435   9.48410512299717645134933263761922717      
         436   9.22595558187618003387342469068244100      
         437   8.98274473895403424705818906659260392      
         438   8.75325949929129265569827111903578043      
         439   8.53641601824747020543782127788290381      
         440   8.33124296874456859995916602201759815      
         441   8.13686734334879702146281488239765167      
         442   7.95250235423402962453565123723819852      
         443   7.77743707809913864537065819604322314      
         444   7.61102755937513197892485550255514681      
         445   7.45268913764616147688002456561662257      
         446   7.30188980718707902894948347238823771      
         447   7.15814445021512746336611598962917924      
         448   7.02100981264201973175431703566573560      
         449   6.89008011316126722789476843900047243      
         450   6.76498319447244345070657800533808768      
         451   6.64537714015098224251687497599050403      
         452   6.53094729276390406624841489247046411      
         453   6.42140361881460286497258493909612298      
         454   6.31647837437561054940715621341951191      
         455   6.21592403215369504465570571483112872      
         456   6.11951143648320705636933780624531209      
         457   6.02702815756369147948134923353791237      
         458   5.93827702031215842737310595111921430      
         459   5.85307478662029012639322900213301182      
         460   5.77125097270407305671824360615573823      
         461   5.69264678568917581458208587719127536      
         462   5.61711416567112209463630279060453176      
         463   5.54451492127514988794700911967083812      
         464   5.47471994827215358014882440329529345      
         465   5.40760852212072418154775732546113431      
         466   5.34306765643671255361368821468204260      
         467   5.28099152036767005569117827690206468      
         468   5.22128090869261285433822195045650005      
         469   5.16384275920147306493390715331770480      
         470   5.10858971254215976642854002420790493      
         471   5.05543971027821914532296432298608124      
         472   5.00431562738260460321271239081397653      
         473   4.95514493581580328651625677593983710      
         474   4.90785939620671296523823912139050663      
         475   4.86239477497902861102829774608835578      
         476   4.81869058455268994833886608830653131      
         477   4.77668984450071043568186723859980702      
         478   4.73633886176469864892624173080548644      
         479   4.69758702822868823290036743856035173      
         480   4.66038663412495957061310036806389689      
         481   4.62469269590011311521493553300388157      
         482   4.59046279730705908406207527150399983      
         483   4.55765694261065057446558057563379407      
         484   4.52623742090375014157643818180076778      
         485   4.49616868062795749239057840895839036      
         486   4.46741721348006670666563877603039145      
         487   4.43995144696368804204666957957670093      
         488   4.41374164491492848583220620639622211      
         489   4.38875981539449799839758270536549389      
         490   4.36497962539481854093992296839132905      
         491   4.34237632186180810833775467472150922      
         492   4.32092665857715019228635355830192566      
         493   4.30060882848868075711834535468369722      
         494   4.28140240111391978672372715664096177      
         495   4.26328826467625887630674696993082762      
         496   4.24624857266458466398262316943146288      
         497   4.23026669453508041840450459858402610      
         498   4.21532717030044423722756619099527597      
         499   4.20141566877467642626697852392680943      
         500   4.18851894926429846321980221546255052      
         501   4.17662482651577438019785404321737587      
         502   4.16572213874810959310934777022339404      
         503   4.15580071861622268869496110710315406      
         504   4.14685136696650769039251827052794397      
         505   4.13886582926081825206665598670952022      
         506   4.13183677455852294002625058055855334      
         507   4.12575777695954126755850666086189449      
         508   4.12062329942289196083038405049592257      
         509   4.11642867988718830218886068905703723      
         510   4.11317011963015310982427763519808650      
         511   4.11084467381467000279826606856659055      
         512   4.10945024417916915382420484093017876      
         513   4.10898557383946716470290994038805366      
